216
10 4
1 5 1
60
2 7 1
14
4 7 1
82
5 7 1
76
17 50
1 3 3
16 56 58
1 4 1
25
1 7 1
83
1 9 1
23
1 12 1
51
1 15 1
81
2 6 1
87
2 8 1
33
2 13 1
31
2 14 1
64
2 16 1
35
2 17 1
61
3 11 2
66 77
3 13 2
77 10
3 15 1
88
3 17 1
70
4 5 1
53
4 8 1
27
4 10 1
9
4 14 1
15
5 8 1
42
5 9 1
61
5 12 2
76 78
5 14 1
95
5 15 1
51
5 17 1
94
6 8 1
37
6 12 1
16
6 13 1
53
6 15 1
45
7 8 1
27
7 11 1
85
7 13 2
90 46
7 17 1
8
9 11 1
24
9 12 1
14
9 14 1
5
9 17 1
50
10 12 1
72
11 12 1
61
11 13 1
49
11 14 1
68
11 15 1
70
11 16 3
61 91 92
12 16 1
58
12 17 2
42 52
13 14 1
28
13 15 1
14
15 16 1
32
15 17 1
96
2 1
1 2 6
13 87 70 49 92 26
14 9
1 2 1
83
1 10 1
40
1 12 1
45
2 6 1
19
3 8 1
43
4 9 1
79
6 14 1
35
7 14 1
11
12 13 1
78
5 6
1 3 3
92 9 58
1 4 2
67 46
2 3 1
44
2 4 1
92
3 5 2
6 94
4 5 1
25
13 37
1 2 3
67 88 2
1 3 1
34
1 4 1
9
1 6 2
59 38
1 10 1
51
1 11 1
97
1 12 1
1
2 4 1
38
2 5 1
32
2 8 1
29
2 11 1
59
2 13 1
4
3 4 2
45 23
3 5 1
96
3 6 1
44
3 9 1
95
3 10 2
69 84
3 13 1
65
4 5 1
31
4 9 1
4
4 13 1
79
5 6 1
10
5 10 2
20 23
5 13 1
20
6 9 2
33 26
6 10 2
41 17
6 11 3
85 21 90
6 12 1
3
7 8 1
71
7 10 1
67
7 11 1
68
7 13 2
49 68
9 12 1
14
9 13 2
21 50
10 13 2
25 16
11 13 1
11
12 13 2
45 18
5 5
2 3 2
90 14
2 4 2
80 73
2 5 2
54 59
3 4 5
99 60 18 83 55
4 5 1
84
15 21
1 4 1
95
1 5 2
11 65
1 9 1
36
2 10 1
43
2 12 1
12
3 7 1
5
3 12 1
74
4 7 1
7
5 7 1
64
5 12 1
87
5 15 1
60
6 12 1
37
6 13 1
54
7 10 1
47
7 12 1
39
7 14 1
52
8 11 1
1
8 13 1
45
9 10 1
6
10 12 1
86
10 15 1
64
17 63
1 2 1
68
1 3 1
6
1 4 1
88
1 5 1
27
1 7 1
77
1 11 1
17
1 12 1
7
1 14 1
20
2 3 2
20 76
2 5 1
93
2 7 1
99
2 8 1
40
2 11 1
39
2 12 1
64
2 13 1
7
2 14 2
62 3
3 9 2
27 50
3 10 1
63
3 11 1
19
3 13 2
87 68
4 5 3
90 97 40
4 6 1
65
4 7 1
46
4 9 1
51
4 12 1
58
4 14 1
3
5 6 2
99 12
5 7 1
17
5 13 1
33
5 14 2
86 74
5 17 2
98 31
6 8 2
46 83
6 10 1
89
6 13 2
24 7
6 14 2
53 29
6 15 1
46
6 16 1
85
7 8 1
65
7 10 1
11
7 11 1
58
7 13 1
90
7 14 1
21
7 15 1
26
8 10 1
53
8 14 1
38
9 10 1
72
9 12 1
62
9 13 1
29
9 14 1
9
9 15 1
69
9 16 1
73
9 17 1
41
10 11 1
12
10 14 1
77
10 17 1
81
11 14 2
68 66
11 15 1
32
12 14 1
21
12 15 2
50 56
12 16 1
41
14 15 1
23
15 16 2
30 17
16 17 1
79
16 26
1 4 1
82
1 5 1
97
1 6 1
96
1 14 1
38
1 16 1
5
2 3 2
5 48
2 4 1
3
2 12 1
27
2 16 1
69
3 5 2
43 16
3 7 1
79
4 9 1
37
4 15 1
54
5 6 2
39 20
5 13 1
71
6 15 2
18 45
6 16 1
36
8 16 1
19
9 13 1
83
9 16 1
63
10 15 1
7
11 12 1
39
11 13 1
25
11 16 2
53 1
13 16 1
82
15 16 1
71
18 16
1 8 1
76
1 9 1
19
1 15 1
17
2 8 1
49
2 11 1
98
2 13 1
99
2 18 1
92
3 9 2
97 54
4 12 1
67
5 6 1
18
5 15 1
13
5 18 1
24
6 18 1
15
7 11 1
80
10 11 1
72
12 18 1
49
3 0
4 6
1 2 2
29 28
1 3 5
15 57 82 69 14
1 4 2
7 60
2 3 1
72
2 4 1
58
3 4 2
13 62
11 18
1 4 2
35 14
1 5 1
53
1 7 1
34
1 10 1
1
2 3 2
1 78
2 5 1
30
3 6 1
11
3 11 1
39
4 5 1
40
4 9 1
25
4 10 1
51
4 11 2
70 46
5 6 2
28 32
5 9 1
40
5 10 1
94
5 11 1
4
6 9 1
56
9 11 1
72
7 2
1 2 1
3
2 7 1
70
14 14
2 3 1
11
2 6 1
75
2 10 1
7
3 10 1
77
4 7 1
5
4 10 1
76
4 14 1
17
5 7 1
6
6 10 1
95
7 12 1
69
8 9 1
56
10 11 1
49
10 14 1
56
11 12 1
10
5 7
1 3 1
61
1 4 1
38
2 4 1
89
2 5 1
57
3 4 2
80 40
3 5 1
87
4 5 1
44
12 29
1 3 1
12
1 4 1
7
1 6 1
73
1 11 1
76
1 12 2
89 58
2 3 2
52 82
2 4 1
35
2 5 1
56
2 7 1
57
2 8 1
63
2 9 1
81
2 12 1
40
3 4 1
10
3 5 1
97
3 8 1
64
3 12 1
72
4 5 1
35
4 7 1
34
4 8 1
80
4 9 2
65 51
5 9 1
72
6 7 2
7 2
6 9 1
6
6 11 1
55
6 12 1
48
7 9 2
51 17
7 11 1
34
10 12 1
44
11 12 2
97 99
10 26
1 2 1
21
1 4 1
37
1 5 1
44
1 8 1
19
2 3 2
71 28
2 5 2
54 97
2 6 1
20
2 7 2
62 60
2 9 1
3
2 10 2
37 58
3 4 2
3 40
3 5 1
44
3 6 1
24
3 9 1
42
4 8 1
65
5 7 1
3
5 8 2
26 64
6 7 2
66 44
6 8 2
3 10
6 9 2
63 88
6 10 2
85 81
7 8 1
41
7 9 2
38 65
7 10 2
39 46
8 9 2
48 40
9 10 1
71
17 27
1 2 1
23
1 14 1
44
1 16 2
91 24
2 8 1
43
3 4 1
75
3 11 1
65
5 12 1
8
5 13 1
91
5 15 1
48
6 11 1
91
6 14 1
74
6 16 1
71
6 17 1
54
7 14 1
26
8 11 1
41
8 16 1
38
9 11 1
34
9 13 1
17
9 17 1
59
10 11 1
41
10 15 1
26
11 14 1
76
12 13 1
91
12 15 1
99
13 16 1
87
14 15 1
94
14 17 1
76
7 3
1 2 1
42
1 7 1
90
3 7 1
14
8 20
1 2 4
29 63 1 55
1 3 1
69
1 7 1
59
1 8 1
40
2 3 1
64
2 4 1
89
2 6 2
25 96
2 7 1
64
2 8 2
1 32
3 5 1
13
3 7 1
18
4 5 1
79
4 6 1
30
4 8 2
61 31
5 6 2
73 23
5 7 1
10
5 8 2
91 16
6 7 1
60
6 8 2
42 48
7 8 2
81 99
8 4
1 3 1
65
2 3 1
42
4 7 1
82
5 7 1
31
9 13
1 3 2
74 20
1 4 1
4
1 7 2
15 10
2 3 1
24
2 5 1
18
2 6 2
88 20
3 4 2
50 49
3 5 1
98
4 5 2
44 53
5 9 1
51
6 7 1
87
7 8 2
21 32
8 9 2
32 99
15 11
1 10 1
71
2 8 1
39
2 9 1
76
2 11 1
36
3 8 1
15
4 5 1
46
4 9 2
46 62
4 14 1
25
6 9 1
4
11 12 1
26
11 14 1
8
6 3
1 3 1
58
1 6 1
32
4 6 1
57
3 2
1 2 4
41 53 56 43
2 3 1
72
9 11
1 8 1
42
2 6 1
55
2 7 1
32
2 9 1
84
3 5 1
57
3 7 1
78
3 8 1
21
3 9 1
34
4 7 2
71 36
5 6 2
88 64
5 7 1
24
10 26
1 2 1
36
1 6 2
31 52
1 7 1
16
1 8 1
98
2 3 1
69
2 4 2
43 46
2 7 1
94
2 9 1
8
2 10 2
7 82
3 7 1
4
4 5 1
60
4 7 1
30
4 10 1
18
5 6 1
74
5 7 1
4
5 8 1
38
5 9 2
78 22
6 7 2
86 12
6 9 2
60 18
6 10 2
15 1
7 8 1
86
7 9 1
18
7 10 3
59 61 77
8 9 1
20
8 10 1
58
9 10 1
49
16 57
1 3 1
40
1 4 1
42
1 6 1
54
1 10 2
7 2
1 11 1
25
1 13 1
16
1 14 1
29
1 16 1
48
2 4 2
75 45
2 7 1
21
2 8 1
48
2 9 1
91
2 15 1
64
3 4 1
40
3 9 2
60 19
3 11 1
65
3 13 2
1 51
3 15 1
5
3 16 2
74 69
4 5 1
47
4 6 2
90 93
4 10 1
54
4 11 1
95
4 12 1
44
4 13 1
59
4 14 1
36
5 7 1
4
5 9 3
85 31 63
5 12 1
5
5 14 1
90
5 15 1
15
5 16 1
39
6 8 1
84
6 10 2
70 66
6 13 2
32 87
6 14 1
16
6 15 1
66
7 12 1
91
7 14 1
78
7 15 1
74
7 16 1
34
8 9 3
45 6 50
8 14 1
34
8 15 1
40
9 10 2
98 52
9 11 2
96 32
9 16 1
8
10 11 2
2 68
10 14 1
89
11 12 2
37 96
11 13 1
24
11 14 1
76
12 13 2
5 69
12 15 1
26
12 16 1
4
13 14 4
79 64 98 60
13 16 1
47
17 9
1 5 1
81
1 7 1
49
3 8 1
17
5 6 1
44
6 7 2
27 15
6 8 1
19
9 13 1
61
10 15 1
14
15 16 1
12
9 8
1 7 1
35
1 9 1
83
2 5 1
51
2 8 1
53
3 5 2
31 72
3 6 1
91
4 8 2
38 51
6 7 2
14 51
13 4
1 6 1
48
6 8 1
95
9 13 1
62
11 12 1
12
19 62
1 3 1
45
1 12 1
78
1 14 1
84
1 15 1
36
2 5 5
75 39 65 43 62
2 8 1
34
2 11 1
92
2 12 1
69
2 13 1
23
2 18 1
1
2 19 1
51
3 6 3
92 74 34
3 7 2
6 56
3 8 1
62
3 9 2
29 45
3 12 1
69
3 16 2
27 96
3 17 1
52
3 18 1
6
4 6 1
49
4 8 1
11
4 10 1
8
4 15 1
4
4 16 1
29
4 17 1
61
4 19 1
20
5 6 1
28
5 7 1
16
5 8 1
47
5 10 1
88
5 17 1
20
6 9 2
68 7
6 13 1
10
6 14 2
38 67
6 17 1
97
6 19 1
3
7 9 3
92 22 53
7 11 1
76
7 13 1
37
7 17 1
53
7 18 1
49
8 10 1
81
8 11 2
75 74
8 12 1
50
9 12 1
26
9 13 2
81 44
9 19 2
22 80
11 13 2
33 81
11 14 1
70
11 15 1
25
12 13 1
26
12 14 1
65
12 18 1
71
12 19 1
55
13 14 1
87
13 18 1
14
13 19 1
78
15 16 2
89 77
15 19 1
28
17 18 1
21
17 19 1
99
18 19 1
41
19 50
1 7 1
93
1 8 1
44
1 10 1
98
1 11 1
19
1 17 1
84
2 3 1
17
2 5 1
16
2 9 1
74
2 15 1
10
2 16 1
39
3 8 1
17
3 14 1
72
3 19 1
82
5 6 1
36
5 8 1
76
5 9 1
88
5 17 1
65
6 9 1
26
6 13 1
95
6 16 1
28
6 17 1
5
6 19 1
28
7 8 2
51 28
7 11 1
77
7 13 1
23
7 16 1
87
8 10 1
90
8 12 1
16
8 14 1
74
8 15 1
19
8 17 1
76
8 19 1
15
9 10 2
9 57
9 11 1
18
9 12 1
25
9 13 1
45
9 16 1
13
9 17 1
11
9 18 1
83
10 11 1
61
11 12 1
79
12 19 1
60
13 14 2
79 52
13 15 2
10 99
13 19 1
31
14 17 1
22
15 16 1
23
16 18 2
80 38
16 19 1
12
17 19 1
11
10 7
1 5 2
7 11
1 7 1
93
1 9 1
74
2 9 2
60 36
3 4 1
60
3 9 1
21
8 10 1
90
20 15
1 9 1
44
1 20 1
71
3 13 1
67
3 17 1
31
4 7 1
52
4 9 1
45
4 11 2
2 50
4 16 1
36
7 10 1
27
8 19 1
71
10 17 1
39
10 18 1
21
12 17 1
59
12 18 1
64
13 15 1
48
14 30
1 2 2
59 35
1 4 1
41
1 6 1
62
1 8 1
12
1 9 1
17
1 10 1
32
1 11 1
83
1 13 2
34 28
2 4 1
82
2 12 1
72
2 14 1
61
3 7 1
73
3 9 2
59 49
3 13 1
31
4 5 1
67
4 8 1
84
4 12 1
24
5 10 1
70
5 14 1
31
6 7 1
62
6 10 1
52
6 12 1
5
7 12 1
72
8 9 1
93
8 11 1
29
8 12 1
78
9 14 2
68 78
10 11 2
2 51
10 13 1
19
13 14 1
82
3 3
1 2 3
82 97 52
1 3 3
85 15 14
2 3 1
94
16 9
1 11 1
52
2 14 1
53
2 16 1
5
4 13 1
28
5 10 1
49
5 13 1
67
8 11 1
12
9 16 1
77
10 11 1
28
12 14
1 9 1
73
1 10 1
44
1 12 1
71
2 3 1
73
2 8 1
85
3 6 1
56
4 8 1
62
4 11 1
80
5 6 1
25
5 8 1
63
7 8 1
7
7 10 1
83
10 11 1
79
10 12 1
69
15 3
1 15 1
52
2 12 1
44
5 7 1
7
18 5
1 10 1
47
6 9 1
83
7 16 1
16
11 17 1
44
16 18 1
31
11 17
1 2 1
52
1 3 1
41
1 4 1
82
1 6 2
78 69
1 8 1
74
2 5 1
58
2 7 1
84
2 8 1
17
3 4 2
65 44
3 10 1
93
4 5 1
46
4 7 1
58
5 7 1
76
5 8 1
84
5 10 1
27
6 7 1
4
8 10 1
77
16 5
1 12 1
73
2 10 1
25
3 8 1
20
4 11 1
16
9 13 1
21
9 19
1 2 5
61 32 35 99 82
1 6 2
39 27
1 7 1
39
1 9 1
99
2 3 2
24 84
2 5 2
2 19
2 7 1
3
2 9 2
6 3
3 4 2
5 24
3 5 1
38
3 7 1
89
3 8 1
83
3 9 1
20
4 5 3
1 35 45
4 6 2
36 94
4 7 2
76 12
5 6 1
57
6 9 2
5 26
7 9 1
59
19 17
4 5 2
27 75
4 11 1
49
4 16 1
91
5 7 1
59
6 7 2
80 74
6 9 1
68
6 14 1
53
6 16 1
3
6 19 1
88
7 12 1
82
7 18 1
90
8 18 1
44
9 10 1
28
9 16 1
42
11 15 1
81
12 13 1
36
12 18 1
97
14 13
2 3 1
17
2 7 1
44
2 9 1
18
2 11 1
76
2 14 1
51
5 10 1
9
7 13 1
76
8 10 1
83
9 10 1
89
9 14 1
28
10 11 1
7
12 14 1
15
13 14 1
71
20 37
1 11 1
66
1 12 1
19
2 5 1
17
2 6 1
85
3 7 2
83 57
3 9 1
60
3 11 1
95
3 20 1
62
4 5 1
13
4 8 1
80
4 12 1
74
5 8 1
2
5 10 1
15
5 16 1
52
6 9 1
91
6 12 1
15
6 20 1
53
7 13 1
50
7 20 1
56
8 10 2
46 47
8 20 1
80
9 12 1
50
11 17 1
15
11 18 1
9
11 20 1
67
12 14 1
96
12 18 1
98
14 15 1
79
14 17 2
93 59
14 18 1
17
14 20 1
42
15 17 1
51
15 20 1
8
16 17 1
79
16 18 1
35
17 19 1
60
19 20 1
8
7 14
1 2 5
87 70 64 55 98
1 3 1
25
1 6 2
71 93
2 3 1
3
2 5 2
61 12
3 4 2
91 6
3 6 1
81
3 7 1
35
4 5 2
54 96
4 6 1
36
4 7 2
43 81
5 6 3
57 64 48
5 7 3
45 11 60
6 7 3
5 90 98
20 10
3 4 2
85 55
3 7 1
43
5 6 1
31
5 16 1
17
5 17 1
63
7 8 1
30
8 9 1
98
9 12 2
20 59
10 20 1
39
13 15 1
71
8 12
1 2 2
39 37
1 8 1
9
2 4 1
55
2 6 1
86
2 7 1
17
3 4 1
83
4 6 2
87 67
4 7 2
8 12
4 8 1
63
5 8 1
70
6 8 1
55
7 8 1
19
3 3
1 2 1
30
1 3 1
92
2 3 1
45
8 6
2 4 1
13
2 8 1
42
3 4 1
26
3 6 1
95
4 6 1
80
4 8 1
82
15 28
1 2 2
44 18
1 4 1
95
1 5 1
14
1 11 1
45
1 12 1
13
1 13 1
35
2 8 1
73
3 8 1
17
3 9 2
94 30
3 11 1
8
3 15 1
3
4 6 1
84
5 6 1
51
5 9 1
46
6 10 1
38
6 14 1
57
7 8 2
51 15
7 10 1
63
7 11 1
30
7 12 1
14
8 9 1
34
8 15 1
57
9 12 2
93 28
10 15 1
52
11 14 1
42
12 14 1
41
13 14 1
34
14 15 1
89
15 45
1 2 2
4 29
1 6 1
67
1 7 1
14
1 9 1
52
1 13 1
26
2 4 1
64
2 6 1
66
2 7 1
44
2 11 1
6
2 13 2
8 61
3 6 2
58 89
3 7 1
83
3 8 1
38
3 9 1
95
3 11 1
91
3 15 1
75
4 8 1
15
4 10 2
84 40
4 12 1
1
4 14 1
10
5 8 1
6
5 12 1
94
5 13 1
38
5 14 1
94
6 9 1
95
6 11 1
2
6 13 1
9
6 15 1
43
7 8 2
76 46
7 10 1
18
7 11 2
49 27
7 15 1
83
8 11 1
9
8 15 1
18
9 10 1
5
9 11 2
98 93
9 15 1
42
10 11 1
29
10 12 1
36
10 13 1
15
10 15 1
29
11 13 2
35 19
12 14 1
79
13 14 1
32
14 15 1
38
13 10
1 6 1
53
1 12 1
13
1 13 1
92
2 3 1
4
4 10 1
53
5 8 1
82
6 10 1
37
9 10 1
97
9 11 1
50
9 12 1
63
4 3
1 2 2
43 95
2 3 1
35
3 4 3
26 90 56
2 1
1 2 5
98 55 46 8 52
20 71
1 4 1
89
1 5 1
31
1 6 2
19 31
1 7 1
6
1 10 1
71
1 14 2
37 21
1 15 2
33 16
1 16 1
36
1 19 1
46
1 20 2
51 53
2 7 2
49 90
2 8 2
95 31
2 11 1
28
2 13 1
81
2 14 1
86
2 15 1
90
2 18 1
36
3 6 1
94
3 8 1
3
3 11 1
26
3 14 1
26
3 15 1
87
3 17 2
77 24
3 19 2
83 42
3 20 1
5
4 7 1
18
4 9 1
90
4 16 2
86 74
4 17 3
63 5 50
4 18 1
80
4 19 1
57
5 7 1
17
5 14 1
39
5 17 3
45 83 87
6 7 1
16
6 9 1
62
6 11 2
55 87
6 13 1
30
6 16 1
55
6 18 1
32
6 19 1
19
7 8 3
13 9 20
7 9 1
73
7 10 1
57
7 11 1
39
7 16 1
17
7 20 1
33
8 15 1
34
8 19 1
34
8 20 1
98
9 16 1
19
9 18 1
82
10 11 1
26
10 12 1
4
10 15 1
19
11 13 1
41
11 14 1
70
11 15 2
74 18
11 16 3
19 91 23
12 13 1
59
12 16 1
34
12 17 1
66
13 17 1
40
14 16 1
62
14 20 1
46
15 17 1
35
15 19 2
34 67
16 18 2
50 87
17 18 1
59
18 19 1
30
19 20 1
99
6 12
1 2 2
12 53
1 3 1
84
1 4 1
40
1 5 3
83 65 25
2 3 2
84 47
2 4 2
76 91
2 6 3
26 55 79
3 4 4
67 7 56 32
3 6 2
40 95
4 5 3
1 68 81
4 6 3
79 47 80
5 6 2
78 85
5 7
1 2 1
80
1 3 1
33
1 4 1
13
2 3 2
79 5
2 5 2
55 26
3 5 2
69 91
4 5 1
48
10 14
1 3 1
9
1 4 1
52
1 8 1
79
1 9 2
68 91
2 4 1
1
2 5 1
65
3 4 1
96
3 9 1
21
4 5 1
98
4 8 1
30
4 10 1
30
5 9 1
90
6 9 1
8
6 10 1
32
13 9
1 6 1
59
1 8 1
36
2 6 1
45
2 9 1
42
2 12 1
88
3 7 1
52
5 9 1
67
8 13 1
30
9 10 1
45
2 1
1 2 3
61 32 72
4 6
1 2 1
45
1 3 5
52 43 33 15 74
1 4 1
42
2 3 1
5
2 4 3
13 14 96
3 4 4
33 67 45 48
18 38
1 4 1
29
1 6 1
81
1 13 1
84
1 14 1
50
1 17 2
57 7
2 3 1
88
2 8 1
79
2 15 1
76
2 18 1
29
3 13 1
94
4 10 1
65
5 9 1
16
6 7 1
68
6 12 1
88
6 16 1
32
6 18 2
94 24
7 10 1
69
7 11 2
50 45
7 13 1
10
7 14 1
17
8 12 1
67
8 13 1
53
9 15 1
44
9 16 1
63
9 18 1
57
10 12 3
29 30 37
10 13 1
63
11 13 1
97
11 14 1
1
11 15 1
14
11 18 1
22
12 17 1
88
13 15 1
31
13 16 1
22
13 17 1
84
14 15 1
73
14 16 1
41
16 18 1
13
14 22
1 4 1
27
1 5 1
56
1 7 1
90
1 10 1
38
2 4 1
80
2 12 1
3
3 7 1
95
3 8 1
17
3 9 1
57
3 14 1
89
4 11 1
3
4 13 1
94
5 10 1
80
6 8 1
36
6 12 1
36
6 14 1
68
8 11 2
46 40
8 14 1
97
9 11 1
34
9 12 1
49
10 14 1
37
11 14 1
20
12 35
1 2 2
65 43
1 3 1
59
1 5 1
41
1 6 1
67
1 12 1
47
2 3 2
28 10
2 5 1
64
2 8 2
79 95
2 9 1
69
2 10 1
70
3 4 2
18 71
3 5 2
28 25
3 6 1
54
3 7 2
69 33
3 9 1
63
3 10 2
79 44
3 11 1
45
3 12 2
50 80
4 5 2
32 42
4 6 1
5
4 7 1
42
4 9 1
63
4 10 2
13 6
4 12 1
35
5 9 1
64
5 10 1
81
6 9 1
55
6 10 1
58
7 8 3
18 63 42
8 9 2
76 44
8 10 1
92
8 12 1
80
9 10 2
93 30
9 11 1
21
10 12 1
38
7 9
1 2 5
97 60 86 55 47
1 4 1
85
1 5 1
44
2 7 1
76
3 4 1
26
3 6 1
9
4 5 1
27
4 6 1
41
6 7 3
33 32 37
20 65
1 2 1
18
1 3 2
45 98
1 7 1
98
1 11 1
53
1 16 2
37 84
1 18 2
64 51
1 19 1
74
2 7 1
32
2 9 1
2
2 10 1
2
2 13 2
89 33
2 14 2
65 73
2 19 1
17
3 4 2
96 19
3 8 2
55 29
3 18 1
30
3 19 1
71
4 5 1
66
4 8 1
67
4 11 1
42
4 12 1
22
4 14 2
26 21
4 15 1
25
4 17 2
14 36
5 7 1
90
5 9 1
37
5 11 1
25
5 12 1
74
5 14 1
7
5 15 2
29 59
5 17 1
28
5 20 1
34
6 9 1
16
6 12 2
63 37
6 19 1
49
7 8 2
26 21
7 15 1
30
7 17 2
75 98
7 20 1
87
8 10 1
94
8 11 1
98
8 13 1
92
8 19 1
90
9 11 1
99
9 14 2
5 99
9 15 1
73
9 18 2
66 41
9 20 1
35
10 11 1
42
10 12 1
36
10 13 1
20
10 17 2
85 56
11 12 2
2 12
11 18 1
54
11 19 1
8
12 15 1
4
12 16 1
69
12 18 2
98 87
12 19 2
73 47
14 16 1
7
14 18 1
75
14 20 1
34
16 19 1
66
16 20 1
80
19 20 1
81
15 23
1 2 1
12
1 9 1
29
2 5 1
45
2 8 1
50
2 14 2
48 45
2 15 1
44
3 8 1
89
4 7 1
13
5 6 3
69 88 37
5 8 1
23
6 10 1
20
6 12 1
7
6 15 1
34
7 8 1
31
8 10 1
36
8 11 1
60
8 14 1
30
9 12 1
35
9 14 2
32 14
10 12 1
82
10 13 1
36
11 12 1
17
13 14 1
42
14 46
1 3 1
72
1 4 1
25
1 6 1
64
1 7 1
31
1 8 1
97
1 9 2
91 36
1 10 1
25
1 11 1
47
1 12 1
59
1 14 1
46
2 4 2
33 34
2 7 1
89
2 12 2
58 80
3 5 1
74
3 8 1
75
3 10 1
78
3 11 1
1
3 13 1
78
3 14 1
12
4 5 1
68
4 7 1
10
4 8 1
77
4 9 1
44
4 12 2
91 35
4 13 1
46
4 14 2
11 34
5 8 1
47
5 9 1
45
5 12 1
74
5 13 2
19 62
6 8 1
92
6 12 1
50
6 14 1
60
7 8 1
81
8 9 2
57 88
8 11 2
88 60
8 12 1
60
8 13 1
93
8 14 1
41
9 10 2
64 89
9 13 2
41 46
9 14 1
78
10 11 1
85
10 13 1
87
12 13 1
85
13 14 3
69 91 96
6 12
1 2 1
40
1 3 2
26 24
1 5 1
64
1 6 2
25 38
2 3 2
38 28
2 4 1
8
2 5 1
79
2 6 1
58
3 4 2
82 91
3 6 1
17
4 5 2
77 18
4 6 4
4 54 43 31
3 3
1 2 6
3 89 48 9 90 55
1 3 4
38 28 70 72
2 3 4
4 33 75 8
16 12
1 14 1
88
1 16 1
52
2 8 1
34
3 6 1
38
4 11 1
72
5 6 1
72
7 15 2
54 35
8 15 1
19
9 13 1
43
11 16 1
84
12 16 1
19
13 14 1
11
2 1
1 2 3
78 41 38
13 30
1 5 3
82 46 62
1 9 1
16
1 13 1
51
2 5 1
42
2 7 2
45 70
2 8 1
70
2 9 1
57
3 6 1
60
3 8 1
94
3 10 1
86
3 12 1
56
4 5 1
75
4 7 1
4
4 8 1
55
4 9 1
56
4 13 1
87
5 7 1
1
5 10 1
72
5 11 1
26
5 13 1
35
6 8 1
41
6 9 1
72
6 11 1
95
7 8 3
4 55 89
8 9 3
39 60 11
9 10 1
19
9 11 2
37 99
10 11 1
27
10 12 2
65 64
12 13 3
11 59 25
18 12
1 3 1
65
1 10 1
12
2 5 2
70 82
3 6 1
40
3 7 1
90
3 9 1
72
4 7 1
16
4 9 1
30
10 14 1
29
11 13 1
44
12 18 1
85
13 18 1
99
20 12
1 17 1
63
1 18 1
89
5 11 1
72
5 13 1
53
5 16 1
51
7 8 1
63
7 12 1
81
9 10 1
23
9 15 1
72
11 20 1
39
15 19 1
97
17 18 1
65
2 1
1 2 2
21 81
10 11
1 2 1
57
1 3 1
78
1 4 1
76
2 4 1
87
2 10 1
44
3 7 1
15
3 8 1
69
4 5 1
64
6 9 1
56
6 10 1
85
9 10 1
41
2 1
1 2 1
83
18 67
1 2 1
85
1 3 2
97 71
1 4 2
58 78
1 5 1
6
1 6 1
17
1 7 3
63 75 71
1 11 1
64
1 13 3
80 59 87
1 16 1
92
1 17 1
32
2 3 1
54
2 4 1
99
2 9 2
73 45
2 11 2
33 34
2 12 1
12
2 13 2
8 56
2 14 1
33
2 17 1
17
2 18 1
86
3 4 1
55
3 5 1
29
3 7 1
17
3 9 1
63
3 11 1
61
3 15 2
86 64
3 17 1
23
4 5 1
9
4 6 1
65
4 11 1
85
4 12 1
5
4 14 1
75
5 7 2
49 29
5 10 1
11
5 12 2
17 32
5 16 1
90
5 17 1
17
6 7 1
13
6 8 1
13
6 9 1
67
6 10 1
17
6 11 1
39
6 12 1
67
6 14 1
24
7 9 1
48
7 10 1
1
7 13 1
4
8 9 1
88
8 11 1
50
8 15 1
64
8 17 1
47
9 16 1
3
10 12 1
74
10 13 1
55
11 14 2
24 44
11 16 1
22
12 13 1
40
12 15 1
35
12 17 2
21 34
13 15 1
32
13 17 1
99
13 18 1
58
14 16 2
49 95
14 17 2
8 34
14 18 1
90
15 16 2
44 46
16 17 1
94
17 18 3
78 95 75
13 38
1 2 3
75 86 7
1 4 1
4
1 6 1
26
1 7 1
10
1 12 1
58
1 13 1
88
2 3 2
77 91
2 4 1
91
2 5 3
16 89 55
2 7 2
6 70
2 9 1
35
2 10 1
89
2 11 2
72 52
2 13 2
43 29
3 4 1
97
3 7 1
34
3 8 1
94
3 10 2
71 39
3 11 1
1
4 5 2
64 55
4 6 1
35
4 7 1
87
4 8 1
44
4 10 1
39
5 13 2
26 3
6 7 2
91 9
6 8 2
31 61
6 9 1
33
7 8 3
35 66 7
7 10 1
47
7 11 3
68 20 15
7 12 1
30
7 13 2
15 80
8 11 2
69 79
9 10 1
54
9 11 1
58
9 12 1
86
10 11 1
87
4 6
1 2 5
52 7 45 13 72
1 3 2
68 15
1 4 1
43
2 3 1
73
2 4 2
27 66
3 4 1
36
7 2
1 5 1
8
2 4 1
99
8 19
1 2 3
54 70 42
1 5 1
80
1 6 1
64
1 7 1
19
1 8 1
93
2 3 1
30
2 4 1
22
2 5 1
17
3 4 4
11 18 64 84
3 6 1
74
3 7 1
13
3 8 1
59
4 5 1
52
4 6 1
2
4 8 1
39
5 6 2
20 69
5 7 5
47 10 5 30 73
6 7 2
21 37
6 8 1
88
13 28
1 2 1
17
1 3 1
18
1 4 1
60
1 5 1
58
1 7 1
86
1 8 1
36
1 9 1
51
2 4 1
27
2 5 1
72
2 7 1
97
3 4 1
53
3 6 2
69 73
3 8 1
15
3 10 2
45 12
3 12 1
51
3 13 1
77
4 5 1
18
5 6 1
86
5 11 1
91
5 12 1
17
6 10 1
44
7 8 2
45 82
7 12 1
16
8 10 1
15
9 12 1
25
9 13 1
80
10 13 1
67
11 13 1
7
3 3
1 2 3
65 28 1
1 3 5
79 71 31 34 63
2 3 2
70 82
20 44
1 6 2
6 1
1 10 1
90
1 14 1
9
1 20 2
82 1
2 6 1
58
2 8 1
96
2 11 1
54
2 20 1
85
3 11 1
67
3 13 1
12
3 15 1
7
4 5 2
54 77
4 9 1
53
4 10 1
72
4 12 1
22
4 15 1
31
4 17 1
33
4 18 1
63
4 19 1
22
5 14 1
2
6 15 1
51
6 20 1
72
7 10 1
91
7 16 1
85
8 10 1
57
8 14 2
77 96
8 16 1
61
9 10 1
49
9 11 2
98 13
9 19 2
15 98
10 11 2
1 7
10 14 1
93
10 15 1
20
10 16 1
23
11 13 1
6
13 14 2
8 2
13 17 1
11
13 18 1
47
13 20 2
95 89
14 16 3
58 69 97
15 17 1
74
15 18 1
12
15 19 2
52 17
18 20 1
93
10 21
1 2 5
16 70 80 39 21
1 3 4
44 82 94 22
1 7 3
46 31 21
1 9 1
57
1 10 1
82
2 4 1
83
2 5 2
92 84
2 6 2
90 33
2 7 2
58 1
3 4 2
86 18
3 6 1
93
3 9 1
71
4 7 3
55 9 15
4 8 2
30 29
4 10 1
66
5 6 2
87 72
6 8 1
11
6 9 1
14
6 10 1
54
7 8 1
38
8 9 1
89
12 21
1 2 1
95
1 3 1
40
1 4 1
71
1 12 1
60
2 6 3
29 78 63
2 8 1
7
2 9 1
94
3 4 1
16
3 7 1
43
3 8 1
99
3 12 1
17
4 11 1
55
4 12 1
47
5 11 1
5
5 12 2
18 47
7 8 1
74
7 11 2
20 48
7 12 2
82 40
8 10 1
1
8 12 1
28
10 11 1
85
4 6
1 2 5
29 47 32 61 97
1 3 3
4 34 53
1 4 2
40 50
2 3 4
77 42 8 19
2 4 1
76
3 4 4
30 54 50 76
9 13
1 2 1
52
1 4 1
34
1 8 1
29
2 7 3
94 71 98
2 8 1
39
3 4 1
17
3 6 1
50
3 7 1
52
4 5 1
28
4 6 1
5
6 7 1
83
6 8 1
91
8 9 1
52
20 74
1 3 1
96
1 6 1
45
1 7 1
50
1 9 3
19 51 75
1 12 1
51
2 3 2
3 19
2 4 2
46 12
2 6 1
49
2 11 1
58
2 14 1
46
2 15 2
40 50
2 16 1
52
2 19 1
74
2 20 1
36
3 4 2
73 90
3 7 2
32 10
3 11 1
53
3 13 1
38
3 14 2
30 66
3 17 1
66
3 20 1
51
4 5 1
62
4 6 1
49
4 8 1
75
4 9 1
42
4 10 2
15 7
4 13 1
56
4 16 1
10
4 19 1
63
4 20 1
73
5 6 2
45 37
5 11 1
73
5 16 1
85
5 19 1
77
6 7 1
41
6 17 3
82 83 38
6 19 3
7 15 54
6 20 1
11
7 8 1
63
7 9 1
16
7 10 3
61 21 85
7 13 1
27
7 16 2
2 40
7 17 1
43
8 9 1
90
8 10 1
90
8 14 1
34
8 15 1
92
9 10 2
91 98
9 12 1
18
9 14 1
51
9 17 1
10
9 19 1
17
10 12 1
13
10 14 1
68
10 15 1
26
10 17 1
38
10 18 1
96
10 19 1
84
11 12 1
63
11 16 1
4
12 13 1
79
12 17 1
59
12 18 1
43
12 20 1
91
13 14 1
70
13 18 1
45
14 20 1
81
15 16 1
34
15 17 1
26
16 18 1
78
16 19 1
74
18 19 2
29 41
19 20 1
7
15 32
1 8 1
99
1 13 1
24
1 14 2
46 37
2 5 2
96 79
2 6 1
87
2 9 1
87
2 10 1
14
2 15 1
70
3 4 1
23
3 6 4
11 54 94 17
3 8 1
60
3 11 1
43
3 15 1
37
4 11 1
74
5 6 1
8
5 13 1
28
6 11 2
73 41
6 12 1
79
6 14 1
68
6 15 1
70
7 11 1
47
8 11 1
66
8 12 1
15
8 14 2
3 95
8 15 1
92
9 12 1
78
10 14 1
38
10 15 1
18
11 13 1
25
12 15 1
14
13 14 1
73
14 15 1
9
17 44
1 3 1
42
1 5 1
75
1 9 1
44
1 14 1
69
2 7 1
3
2 8 1
3
2 10 1
11
2 11 1
2
2 15 1
27
2 17 1
87
3 9 1
66
3 10 1
19
3 17 1
41
4 11 1
74
4 16 1
16
5 10 1
21
5 13 1
75
5 14 3
8 13 64
5 16 1
19
5 17 1
11
6 7 1
10
6 12 1
28
6 13 1
43
7 9 1
63
7 12 2
33 2
7 14 2
46 35
8 12 2
67 16
8 15 1
48
8 17 1
25
9 10 1
41
9 15 2
69 37
10 11 1
96
10 12 1
23
10 13 1
90
10 16 1
43
10 17 1
84
11 12 3
84 28 59
11 14 2
60 72
12 13 1
23
12 15 1
49
13 16 1
13
13 17 1
33
15 16 2
33 47
16 17 1
13
15 32
1 6 1
57
1 11 1
38
2 5 1
24
2 14 1
71
3 5 1
84
3 7 1
89
3 8 1
90
3 9 1
72
4 9 1
53
4 10 1
28
4 12 1
26
4 15 1
10
6 10 1
3
6 11 1
91
6 12 1
33
6 13 1
47
6 15 1
26
7 15 1
76
8 9 1
98
8 10 1
33
8 11 1
5
8 12 2
52 16
8 15 1
24
9 10 3
41 97 7
9 12 1
8
9 14 1
21
9 15 1
93
10 12 1
36
10 13 1
81
11 13 1
15
13 14 1
49
14 15 1
96
4 5
1 2 4
86 14 68 65
1 3 1
96
1 4 3
35 73 57
2 4 1
33
3 4 6
34 23 96 6 22 45
6 11
1 2 2
38 76
1 3 1
65
1 6 1
19
2 4 2
60 39
2 5 1
79
2 6 2
30 6
3 4 1
6
3 6 1
25
4 5 1
93
4 6 2
55 93
5 6 1
27
8 0
19 54
1 3 1
41
1 6 2
33 38
1 8 1
75
1 10 2
60 14
1 12 1
60
2 3 1
10
2 4 2
32 30
2 5 1
85
2 9 1
31
2 16 2
55 10
2 17 1
10
3 4 1
46
3 6 1
61
3 11 1
17
3 12 1
73
3 19 1
27
4 5 1
7
4 6 2
17 65
5 6 1
48
5 10 1
1
5 12 1
13
5 15 1
52
5 16 1
85
6 10 1
1
6 12 2
75 60
6 15 2
52 37
6 16 2
85 96
6 17 2
79 32
7 8 1
70
7 12 1
78
7 13 1
92
7 15 2
84 70
7 17 1
92
7 18 1
54
7 19 1
33
8 9 1
30
8 10 3
48 44 21
8 11 1
65
9 14 2
17 76
9 15 1
83
10 11 1
47
10 15 1
98
10 17 1
64
11 14 1
2
11 15 1
65
11 16 2
65 53
11 18 1
43
12 15 1
86
13 15 1
3
13 17 3
70 13 43
13 18 1
83
13 19 1
36
14 15 1
48
16 17 1
35
14 17
1 6 1
36
1 7 1
27
1 9 1
75
2 5 1
80
2 10 1
24
2 14 1
48
3 5 1
84
4 6 1
10
4 10 1
97
4 13 2
94 40
5 11 1
79
7 11 1
63
7 13 1
92
8 9 1
42
8 14 1
67
10 11 1
89
11 14 1
38
15 38
1 2 2
30 66
1 5 2
53 18
1 7 1
61
1 8 1
23
1 11 1
2
1 13 1
19
2 3 1
66
2 7 2
29 57
2 12 1
79
2 15 1
10
3 10 1
51
3 14 1
48
4 5 1
2
4 8 2
60 46
4 13 2
97 19
4 14 1
89
5 6 1
64
5 9 1
82
5 11 1
37
5 14 1
12
6 7 1
75
6 9 1
82
6 12 1
34
6 13 1
89
7 8 2
4 52
7 10 1
23
7 11 1
40
8 12 1
86
9 10 2
99 25
9 11 2
49 28
9 15 2
83 4
10 11 1
71
11 12 2
46 61
12 13 1
33
12 14 1
55
12 15 1
28
13 15 1
21
14 15 1
25
12 23
1 3 1
65
1 4 1
63
1 6 1
1
1 8 1
89
1 10 1
7
1 11 1
12
2 8 1
13
2 10 1
31
3 4 1
60
3 8 1
69
3 9 1
75
4 8 1
85
4 9 1
34
4 12 1
96
5 9 1
35
6 7 1
80
6 8 1
74
6 9 1
54
6 11 1
70
6 12 1
54
7 8 1
48
8 11 1
42
10 11 2
56 68
16 42
1 5 1
88
1 7 1
55
1 8 1
79
1 9 1
79
1 12 2
94 22
1 15 1
89
1 16 1
67
2 4 3
25 19 6
2 8 1
98
2 13 1
8
2 15 1
63
3 6 1
81
3 7 1
49
3 9 1
8
3 16 1
9
4 6 1
57
4 8 2
22 58
4 9 1
57
4 14 1
58
4 15 1
58
5 8 1
30
5 9 1
45
5 10 2
5 2
6 7 1
28
6 9 1
63
6 13 1
93
6 14 1
45
6 16 1
17
7 8 1
46
7 9 2
87 10
7 12 1
81
7 14 1
72
8 9 1
17
8 11 1
66
8 14 1
33
9 10 1
47
9 12 2
23 65
11 15 1
4
11 16 2
15 33
12 15 2
82 30
13 14 2
53 98
15 16 1
11
2 1
1 2 5
31 96 72 78 47
5 3
1 5 3
83 19 81
2 5 1
81
3 5 1
42
3 3
1 2 7
11 18 67 82 75 21 33
1 3 3
29 67 60
2 3 3
27 97 93
4 2
2 3 1
6
3 4 1
64
8 13
1 2 1
67
1 4 1
21
1 6 1
85
2 4 1
45
2 5 1
25
2 7 2
40 81
3 4 1
79
3 5 2
40 4
4 5 1
44
4 8 2
50 30
6 7 1
27
6 8 2
69 77
7 8 2
56 94
5 4
1 4 1
15
2 4 1
50
3 4 1
77
4 5 1
34
14 39
1 2 1
30
1 3 2
81 9
1 4 1
47
1 7 1
82
1 8 1
45
1 14 1
58
2 4 1
72
2 6 2
34 86
2 12 1
77
3 8 1
28
3 14 2
47 3
4 5 1
87
4 6 2
93 46
4 7 1
84
4 8 1
86
4 9 1
53
4 11 1
39
4 12 1
95
5 9 1
48
5 11 1
2
5 12 1
12
6 7 2
49 60
6 12 1
47
6 13 1
1
6 14 1
35
7 8 1
78
7 12 1
54
7 14 1
55
8 9 2
97 85
8 13 1
45
8 14 1
84
9 10 1
46
9 11 4
55 79 86 71
10 11 1
9
10 12 1
68
11 12 1
12
11 13 1
98
12 14 2
50 51
13 14 1
2
5 5
1 2 1
95
1 3 1
35
1 4 1
95
2 4 1
86
4 5 1
24
5 9
1 2 1
14
1 3 3
91 19 98
1 4 1
7
2 3 3
99 86 80
2 4 1
86
2 5 1
99
3 4 3
64 5 95
3 5 2
3 30
4 5 1
2
2 1
1 2 3
38 13 40
16 56
1 4 1
83
1 5 1
41
1 6 1
67
1 8 1
49
1 9 1
84
1 11 2
4 97
1 16 2
96 73
2 4 1
19
2 7 2
23 59
2 8 1
35
2 9 1
12
2 10 2
87 79
2 14 3
47 59 37
2 15 1
86
2 16 1
92
3 4 2
10 61
3 5 1
80
3 10 2
41 19
3 13 1
37
4 7 1
56
4 8 1
34
4 10 1
32
4 12 1
93
4 13 1
98
4 15 1
15
5 6 4
45 83 69 86
5 8 1
22
5 9 1
27
5 10 1
10
5 11 1
35
5 14 2
19 94
6 7 1
46
6 9 1
5
6 10 1
4
6 12 1
51
7 8 1
75
7 10 1
69
7 16 1
60
8 9 3
9 15 78
8 10 1
60
8 11 1
20
8 14 2
92 22
8 15 1
87
9 11 2
38 29
9 13 1
77
9 14 2
14 97
10 11 1
63
10 12 1
33
10 13 3
69 27 48
10 14 1
48
10 16 2
95 18
12 13 1
94
12 14 1
6
12 16 2
4 17
13 16 1
16
15 16 2
54 99
15 16
1 2 2
28 25
1 4 1
51
1 15 1
36
2 8 2
89 75
2 12 1
19
3 8 1
76
3 14 1
39
4 5 3
78 33 26
4 6 1
12
4 11 1
96
6 9 1
33
6 11 1
65
6 12 1
58
7 13 1
46
8 12 1
49
8 13 1
35
13 12
1 6 1
22
1 9 1
97
1 11 1
9
2 7 1
59
2 9 1
77
3 5 1
80
3 12 1
78
4 9 1
16
5 6 1
20
5 10 2
63 56
10 11 1
13
10 12 1
46
11 13
1 2 4
87 25 33 46
1 8 1
28
1 10 1
53
1 11 1
91
2 4 1
55
2 6 1
32
2 8 1
1
3 4 1
50
3 11 1
33
4 6 1
63
6 8 1
31
7 9 1
78
8 9 1
32
7 16
1 2 2
61 19
1 3 2
64 42
1 5 3
57 92 83
1 6 1
92
2 3 3
30 35 11
2 5 3
48 28 59
2 6 3
19 78 16
3 4 1
33
3 5 1
43
3 6 1
11
4 5 2
45 86
4 6 3
27 96 64
4 7 1
18
5 6 2
67 10
5 7 1
92
6 7 4
51 90 85 6
9 19
1 2 2
84 54
1 3 1
85
1 5 3
22 89 73
1 8 1
9
1 9 1
57
2 3 1
28
2 5 3
70 57 41
2 6 1
71
3 4 2
91 69
3 9 1
25
4 5 1
78
4 7 1
55
4 8 2
9 88
5 8 2
27 45
5 9 1
63
6 7 2
14 33
6 8 1
32
7 9 1
52
8 9 1
40
2 1
1 2 4
92 82 13 81
10 5
1 4 1
56
2 4 1
56
3 4 1
51
7 9 1
80
9 10 1
92
3 3
1 2 6
33 16 37 65 35 69
1 3 2
84 46
2 3 3
3 94 92
18 18
1 5 1
59
1 16 2
22 16
2 13 1
27
4 7 2
21 51
4 13 1
86
5 7 1
67
6 10 2
28 96
6 15 1
85
7 9 1
92
7 12 1
50
7 18 1
36
8 16 1
20
9 10 2
7 71
11 18 2
86 97
13 14 1
31
13 18 1
27
15 16 2
15 68
15 18 1
23
19 68
1 5 1
71
1 9 1
92
1 10 2
30 9
1 12 2
6 35
2 3 1
51
2 4 1
14
2 7 1
73
2 15 2
57 54
2 18 2
41 81
2 19 3
45 36 32
3 4 1
86
3 6 1
46
3 10 1
25
3 13 1
13
3 14 1
65
3 16 1
54
3 19 2
10 8
4 5 1
15
4 6 1
47
4 9 1
8
4 10 1
46
4 14 1
27
4 17 1
42
5 7 2
78 32
5 9 1
15
5 11 1
54
5 12 1
73
5 14 2
56 23
5 16 2
88 97
5 17 1
12
6 7 1
77
6 9 1
34
6 16 1
8
6 19 2
45 33
7 13 1
22
7 14 1
63
7 15 1
9
7 16 2
9 51
7 19 2
80 10
8 10 1
76
8 11 1
72
8 13 1
80
8 15 1
68
8 17 1
35
8 18 1
3
8 19 1
50
9 12 1
2
9 15 1
85
9 17 1
35
9 18 1
59
10 12 1
57
10 13 1
4
10 14 1
31
10 19 2
22 92
11 12 3
48 67 35
11 18 1
72
11 19 2
78 9
12 13 1
86
12 17 1
17
12 18 1
92
13 14 2
14 90
13 16 2
14 5
13 19 1
59
14 15 1
28
15 16 1
6
16 18 2
40 95
17 19 1
49
18 19 1
3
4 6
1 2 4
89 1 69 79
1 3 1
53
1 4 3
13 64 22
2 3 4
52 11 31 85
2 4 3
25 10 59
3 4 4
21 85 62 97
15 8
1 15 1
44
3 14 1
80
5 14 1
33
8 9 1
85
8 13 1
1
10 13 1
52
12 15 1
87
13 15 1
19
9 18
1 2 2
6 94
1 8 1
52
1 9 1
32
2 3 3
45 31 11
2 4 2
16 12
2 6 2
84 88
2 9 2
37 48
3 4 1
20
3 5 1
31
3 6 1
35
3 8 1
61
3 9 2
65 10
4 5 6
55 48 71 11 65 46
5 6 2
91 92
5 7 1
64
5 9 3
28 45 48
7 8 1
9
8 9 2
7 87
14 29
1 2 1
70
1 5 1
12
1 9 1
92
1 10 1
3
2 4 1
93
2 9 2
73 90
2 10 1
17
2 12 1
24
2 13 1
82
3 4 1
9
3 7 1
60
3 12 2
75 1
3 13 2
51 89
4 6 2
74 5
5 11 1
66
5 12 1
94
5 13 1
15
6 7 1
18
6 8 2
29 24
6 10 1
58
6 12 1
16
6 13 2
1 28
7 8 2
18 2
7 9 1
44
7 13 2
23 81
9 13 1
53
10 14 1
21
11 12 1
32
11 13 1
60
2 1
1 2 3
17 93 7
11 6
1 5 1
90
1 8 1
11
2 3 1
30
2 6 1
74
4 8 1
83
6 11 1
66
4 1
3 4 1
25
4 5
1 2 1
51
1 4 1
22
2 3 3
94 25 61
2 4 1
93
3 4 1
25
6 13
1 2 4
65 61 52 9
1 4 4
99 9 58 35
1 5 1
40
1 6 2
61 33
2 3 4
58 92 11 68
2 4 1
31
2 5 1
12
2 6 5
60 29 70 27 69
3 4 1
10
3 6 1
24
4 5 2
91 23
4 6 1
76
5 6 2
3 54
15 31
1 4 1
49
1 6 1
74
1 7 1
10
1 9 3
92 87 5
1 15 1
91
2 5 1
78
2 6 1
17
2 7 2
16 76
2 9 1
41
3 4 1
16
3 5 2
25 39
3 6 1
59
3 9 1
51
3 10 1
13
3 12 1
86
5 7 1
22
5 11 1
65
5 14 1
45
6 7 2
45 12
6 14 1
7
7 9 1
15
7 14 1
1
8 9 1
71
8 10 2
20 40
8 11 1
31
8 13 1
30
10 11 1
72
10 12 1
22
11 12 1
11
11 15 1
89
12 13 1
79
20 72
1 2 1
70
1 5 2
88 47
1 7 1
80
1 8 1
32
1 10 1
89
1 14 1
68
1 15 1
28
1 17 3
57 35 54
1 18 3
87 46 38
1 20 1
92
2 3 1
18
2 6 1
8
2 7 1
11
2 8 1
9
2 13 2
63 40
2 15 1
22
2 18 1
26
3 4 1
1
3 11 1
75
3 12 2
53 96
3 17 1
48
3 20 1
8
4 5 1
92
4 13 1
63
4 15 1
87
4 17 1
29
4 18 1
17
5 9 1
64
5 13 2
74 11
5 18 2
35 37
5 19 1
95
6 7 1
7
6 9 1
27
6 11 1
48
6 12 1
32
6 15 1
67
6 18 1
26
7 8 3
95 9 18
7 18 1
26
7 20 1
55
8 11 1
39
8 12 2
47 72
8 15 1
94
8 20 1
38
9 10 1
94
9 12 2
4 70
9 13 3
18 54 50
9 14 2
9 41
9 20 1
34
10 12 1
72
10 13 1
76
10 14 2
22 26
10 17 1
4
10 20 1
14
11 12 1
8
11 15 1
52
11 16 2
17 82
11 17 1
94
11 20 1
54
12 15 2
52 11
12 17 1
69
13 15 1
33
13 20 1
89
14 16 1
1
14 20 2
36 91
15 16 1
29
15 17 1
57
15 20 1
48
16 18 1
49
17 18 1
31
18 19 1
79
19 20 1
5
18 32
1 2 1
78
1 5 1
85
1 6 1
73
1 15 1
11
2 3 1
6
2 9 1
99
2 13 1
78
4 6 1
61
4 7 1
11
4 9 1
98
4 14 1
12
5 9 1
38
5 10 2
13 4
5 13 1
23
5 16 1
99
6 9 1
18
6 10 2
39 43
6 17 1
71
7 12 1
63
7 18 1
61
8 16 1
8
9 10 2
84 5
9 13 1
85
9 16 1
71
11 13 2
38 6
11 15 1
99
11 17 1
32
14 18 2
9 25
15 16 1
7
15 18 1
61
16 18 1
94
17 18 1
22
3 2
1 2 6
64 86 8 15 66 74
2 3 4
26 35 90 85
19 46
1 6 1
18
1 7 1
50
1 11 1
28
1 15 1
45
1 16 1
48
1 19 1
62
2 6 2
52 90
2 8 1
47
2 11 1
23
2 13 2
49 79
3 6 2
12 54
3 8 2
31 66
3 9 2
14 65
3 13 1
96
3 17 1
29
4 5 1
93
4 7 1
88
4 10 1
20
4 13 1
99
4 16 1
89
4 17 2
54 51
5 12 1
20
5 14 1
6
5 17 1
18
6 7 2
20 90
6 8 2
61 23
6 11 1
48
6 13 2
75 1
6 19 1
74
7 11 2
4 66
7 19 1
48
8 13 2
95 67
9 13 1
69
9 16 2
75 10
10 11 1
81
10 14 1
43
11 15 1
93
11 16 1
10
11 17 1
96
12 15 1
35
13 16 1
77
14 16 1
78
15 16 1
17
16 17 1
87
16 18 3
53 27 33
17 18 2
19 57
16 31
1 5 1
76
1 6 1
88
1 8 1
70
1 14 1
10
1 15 1
6
2 3 1
35
2 7 1
60
2 10 1
86
2 14 1
91
3 4 1
44
3 8 1
17
3 9 1
27
4 9 1
38
4 11 1
43
5 6 1
54
5 8 1
71
5 12 1
72
5 14 1
51
5 16 1
91
6 15 1
24
7 9 1
99
7 11 1
56
8 9 1
88
8 10 1
93
9 12 2
14 48
10 15 1
80
12 13 1
63
12 16 1
52
13 14 1
72
14 16 1
35
15 16 2
7 80
14 4
4 6 1
61
5 9 1
90
11 12 1
16
12 13 1
90
13 41
1 2 2
56 7
1 3 1
34
1 6 2
80 16
1 7 1
69
1 9 3
33 73 19
1 11 1
16
2 3 1
29
2 4 3
29 94 17
2 7 1
98
2 8 3
27 79 67
2 11 2
4 36
2 12 1
91
3 4 3
2 13 52
3 9 1
15
3 11 2
66 57
3 12 1
10
4 8 1
73
4 11 1
99
4 12 1
43
5 7 2
61 80
5 8 1
86
5 9 2
14 1
5 10 2
93 6
5 11 1
8
5 13 1
47
6 7 2
66 84
6 11 2
19 85
6 13 2
87 14
7 8 1
34
7 9 2
46 51
7 12 2
69 56
7 13 1
28
8 9 1
69
8 11 2
4 92
8 12 2
78 89
9 10 1
96
9 13 1
52
10 12 1
67
10 13 1
14
11 12 1
90
12 13 2
28 53
14 9
1 3 1
35
1 8 1
85
3 4 1
9
4 9 1
35
6 10 1
82
9 10 1
70
10 11 2
86 17
10 13 1
26
13 14 1
50
14 19
1 2 1
59
1 13 1
34
1 14 1
26
2 11 1
21
2 12 2
83 88
2 13 1
89
3 5 1
92
4 14 1
39
5 11 1
89
6 8 1
37
6 11 1
49
7 12 3
59 81 72
7 13 2
34 77
7 14 1
35
8 10 1
68
9 10 1
89
11 13 1
57
12 14 1
5
13 14 1
88
3 3
1 2 4
95 44 67 55
1 3 2
46 21
2 3 4
93 26 35 10
15 17
1 7 1
70
1 10 1
47
1 15 1
19
2 6 2
14 46
2 9 1
10
3 7 1
76
3 11 1
82
3 15 1
64
4 12 1
23
4 13 1
77
5 7 1
9
6 9 1
80
6 12 1
18
7 12 1
38
8 11 1
65
10 11 1
25
14 15 1
80
18 29
1 2 1
9
1 3 1
63
1 4 1
7
1 8 1
28
2 3 1
45
3 6 1
37
3 12 1
65
3 13 1
20
3 14 1
32
3 18 1
8
4 5 1
19
5 10 1
5
5 13 1
64
5 14 2
70 7
6 11 1
36
6 12 1
52
6 13 1
42
6 18 1
87
7 8 2
48 73
7 17 1
35
7 18 1
63
10 11 1
63
11 12 1
55
11 15 1
11
12 15 1
89
14 17 1
92
14 18 1
56
15 16 1
84
15 18 1
95
8 19
1 2 1
32
1 3 1
97
1 4 2
75 64
1 5 1
37
1 6 2
57 53
1 7 1
65
1 8 1
65
2 3 1
79
2 8 1
88
3 4 1
39
3 5 2
17 20
3 7 2
44 45
3 8 2
60 93
4 5 2
32 90
4 6 2
57 99
4 7 1
38
4 8 4
12 10 24 94
5 6 3
50 14 42
7 8 2
13 64
20 20
1 8 1
55
1 17 1
73
2 4 1
49
2 12 1
50
2 16 2
50 94
2 18 1
69
3 17 1
14
4 10 1
28
5 7 1
27
5 9 1
77
6 9 1
59
7 17 1
34
8 18 1
96
10 11 1
79
10 20 1
76
11 17 2
19 72
13 14 1
84
13 19 1
44
14 18 1
92
15 19 1
86
10 22
1 2 2
72 99
1 3 1
45
1 8 1
18
1 10 2
6 95
2 7 1
73
2 8 1
35
3 4 1
85
3 6 2
60 45
3 7 1
61
3 8 1
51
4 9 1
88
4 10 2
29 66
5 6 1
64
5 7 2
89 55
5 8 1
70
5 10 1
49
6 7 1
84
6 10 1
39
7 9 1
49
7 10 2
83 29
8 10 2
29 28
9 10 2
58 62
3 3
1 2 2
95 56
1 3 1
21
2 3 1
96
18 34
1 3 2
10 83
1 9 1
68
1 14 1
27
1 15 1
73
1 17 1
69
2 3 2
53 55
2 6 1
90
2 9 1
5
2 10 2
1 35
2 13 1
72
2 15 1
70
2 18 1
96
3 7 2
53 43
3 10 2
31 26
3 11 1
62
4 6 2
82 9
4 15 1
92
4 16 1
12
5 6 1
9
5 7 1
17
5 10 1
30
6 7 2
45 1
6 16 1
97
6 18 2
87 57
7 8 1
69
7 12 1
68
8 13 1
81
8 15 1
70
9 11 2
88 76
9 13 1
48
9 15 1
53
12 15 1
62
14 18 1
35
17 18 1
18
11 33
1 3 2
25 73
1 5 1
43
1 7 2
6 56
1 10 1
12
1 11 3
93 72 13
2 3 2
13 52
2 4 1
6
2 8 1
9
2 11 3
9 69 33
3 4 1
96
3 6 2
10 99
3 7 1
41
3 8 1
10
3 9 1
72
3 11 1
94
4 5 2
28 39
4 6 1
9
4 7 1
76
4 8 1
1
4 9 2
41 22
5 6 1
17
5 8 1
72
5 10 3
78 69 34
6 7 2
26 82
6 8 1
28
6 9 1
95
7 8 1
93
7 11 1
43
8 9 2
6 3
8 10 1
79
9 10 2
36 54
9 11 2
64 14
10 11 2
89 29
17 6
1 9 1
84
3 11 1
73
3 16 1
56
5 15 1
19
8 12 1
47
10 13 1
92
19 4
1 2 1
85
2 13 1
64
3 10 1
76
7 19 1
84
4 5
1 2 4
85 81 35 23
1 3 3
81 28 69
1 4 1
83
2 4 1
36
3 4 1
53
16 45
1 4 1
84
1 5 3
68 62 83
1 7 1
77
1 10 1
5
1 14 1
52
1 16 1
98
2 7 3
84 97 27
2 12 1
39
2 14 2
82 22
3 4 1
79
3 5 1
81
3 8 1
40
3 12 1
83
3 14 1
37
4 6 1
87
4 8 1
42
4 13 1
27
4 16 1
56
5 6 1
80
5 9 2
83 14
5 13 1
7
5 16 1
61
6 7 2
93 69
6 8 1
24
6 9 1
57
6 12 2
60 3
7 8 1
94
7 12 1
23
7 13 1
68
7 14 1
94
7 15 1
16
8 10 1
37
8 11 1
40
8 13 1
75
8 14 1
9
9 10 1
55
9 11 2
14 7
9 12 1
48
9 15 1
80
10 11 1
8
10 13 1
54
11 13 1
34
12 15 1
48
14 15 2
36 48
14 16 1
86
14 38
1 2 1
4
1 6 1
96
1 8 1
85
1 9 1
91
1 10 1
93
1 11 1
81
1 12 1
73
2 3 2
56 31
2 5 1
29
2 14 1
16
3 4 2
26 32
3 5 1
72
3 10 1
62
4 9 1
27
4 12 1
90
5 6 1
11
5 7 1
42
5 8 2
71 36
5 11 1
65
5 13 1
53
6 7 1
4
6 14 1
48
7 8 1
33
7 9 1
35
7 11 2
98 51
7 12 1
76
7 14 2
33 1
8 9 2
5 27
8 11 1
40
9 10 2
17 91
9 12 1
21
10 11 1
24
10 12 2
84 96
11 12 1
53
11 13 2
88 96
12 13 2
73 48
12 14 2
96 99
13 14 1
38
12 28
1 4 2
91 58
1 8 2
8 55
1 9 1
15
1 10 1
12
1 11 1
71
2 3 1
80
2 5 1
96
2 8 1
81
2 11 1
62
3 4 1
30
3 5 1
9
3 6 1
23
3 9 1
12
3 10 1
2
4 7 1
28
4 10 1
66
4 11 2
99 89
5 6 1
92
5 7 1
19
5 9 1
1
6 7 3
95 92 89
6 9 2
14 60
6 10 2
39 84
6 11 1
11
8 9 2
23 53
9 10 1
78
9 11 1
56
10 11 2
50 69
5 0
14 19
1 2 2
79 56
1 4 1
50
1 6 2
30 60
1 13 1
41
1 14 1
65
2 7 1
69
3 8 2
71 35
4 9 1
76
5 6 1
99
5 11 1
80
5 12 1
94
7 8 1
85
7 11 1
66
7 12 1
46
7 13 1
47
8 9 1
11
9 10 1
77
10 11 2
8 95
13 14 1
68
20 20
1 7 1
2
2 8 1
3
3 8 1
59
3 12 1
18
3 15 1
28
4 5 1
66
4 6 2
46 85
4 14 1
1
4 16 1
15
4 20 1
19
5 12 1
13
5 18 1
37
5 20 1
76
6 8 1
31
6 11 2
58 76
7 18 1
84
8 12 1
4
10 15 1
13
11 14 3
23 65 49
19 20 1
14
3 0
20 64
1 3 1
45
1 10 1
36
1 16 1
54
1 17 1
37
2 3 1
5
2 6 1
6
2 9 1
29
2 12 1
37
2 19 1
47
2 20 1
10
3 6 1
37
3 10 1
97
3 12 1
37
3 13 1
10
3 14 1
48
3 18 1
22
3 19 1
56
4 5 2
62 58
4 6 1
69
4 7 1
50
4 9 1
81
4 10 1
95
5 10 1
1
5 14 1
99
5 15 1
30
5 18 1
72
6 7 3
40 55 33
6 9 1
96
6 15 1
22
6 16 1
5
6 18 3
71 34 38
7 9 1
9
7 10 1
40
7 12 2
98 74
7 17 2
3 40
7 18 2
18 78
7 19 1
88
8 9 1
98
8 15 1
64
8 17 2
28 48
9 10 1
40
9 11 1
44
9 13 1
72
9 15 1
77
9 16 1
98
9 18 1
22
9 19 1
50
9 20 2
93 19
10 13 1
68
10 14 1
14
10 15 1
11
10 16 2
35 61
10 19 1
58
11 12 2
99 48
11 14 1
48
11 15 1
72
12 13 1
51
12 18 1
32
13 16 1
91
13 19 1
27
13 20 1
54
14 18 1
78
15 20 1
74
18 20 2
29 45
13 10
1 4 1
18
2 10 1
42
3 5 1
56
4 12 2
89 81
5 7 1
14
5 10 1
15
7 11 1
26
8 10 1
41
9 13 1
14
11 12 1
1
7 2
1 4 1
98
2 6 1
61
16 40
1 5 1
95
1 6 2
61 73
1 7 1
39
1 9 1
83
1 11 1
79
1 12 1
35
1 15 1
99
2 8 1
8
2 9 2
72 21
2 10 1
30
2 16 2
12 42
3 10 1
92
3 12 2
76 13
3 13 1
8
3 15 2
47 31
3 16 1
71
4 5 2
93 38
4 7 1
80
4 8 1
64
4 9 1
97
4 10 2
52 64
4 12 1
58
4 16 2
88 49
5 8 2
21 64
5 12 1
35
5 14 3
54 93 45
5 15 1
52
6 10 2
45 30
6 16 1
78
7 15 1
35
8 9 2
77 34
8 10 1
49
8 15 1
5
9 10 1
56
9 14 1
58
9 15 1
35
11 14 1
94
11 16 1
46
12 14 1
49
14 15 1
67
9 20
1 6 2
97 54
1 7 2
3 16
2 3 2
17 74
2 4 1
78
2 5 1
6
2 7 1
52
2 8 1
90
2 9 1
38
3 4 1
42
3 5 2
3 25
3 7 1
56
3 8 2
23 68
4 5 2
20 97
4 8 2
98 66
4 9 1
8
5 7 1
98
5 9 1
61
6 7 1
63
6 8 3
27 9 19
6 9 1
99
6 7
1 5 1
2
1 6 1
72
2 3 1
90
2 4 2
6 37
2 6 1
39
3 4 1
94
4 5 2
71 40
16 53
1 2 3
17 72 45
1 7 1
10
1 9 1
4
1 10 1
56
1 11 2
11 38
1 12 2
85 30
1 14 2
79 17
2 3 1
69
2 4 1
70
2 5 1
75
2 6 2
84 4
2 8 2
8 96
2 9 1
33
2 11 1
52
2 12 3
60 56 53
3 4 2
96 95
3 5 2
70 74
3 11 1
56
3 14 1
19
4 5 1
89
4 6 3
15 27 1
4 7 2
37 44
4 10 2
79 93
4 12 1
55
5 12 2
94 10
5 13 1
93
6 8 1
65
6 13 1
42
7 8 2
36 64
7 10 2
70 45
7 11 1
26
7 12 3
75 44 26
7 13 1
38
8 9 2
20 13
8 13 1
14
9 10 2
11 39
9 11 1
58
9 15 1
25
10 11 2
49 1
10 12 3
53 74 31
10 15 1
28
10 16 1
26
11 12 1
25
11 13 1
13
11 15 1
11
11 16 1
69
12 14 1
21
12 15 1
43
12 16 1
71
13 14 1
92
13 16 1
65
14 15 2
64 35
15 16 1
36
18 61
1 2 1
16
1 4 2
93 27
1 5 1
88
1 6 1
86
1 11 2
47 77
2 5 2
10 89
2 6 1
88
2 7 1
32
2 10 1
2
2 13 1
69
2 14 1
32
2 15 1
7
2 17 2
11 19
2 18 1
20
3 5 1
47
3 7 1
87
3 9 2
86 15
3 12 1
28
3 14 1
52
3 18 2
6 92
4 7 2
25 41
4 9 1
1
4 11 2
41 22
4 12 1
64
4 13 1
32
4 14 1
46
4 15 1
46
4 18 1
15
5 6 1
3
5 9 2
67 81
5 10 1
54
5 13 1
52
6 7 1
83
6 10 3
59 73 87
6 13 1
70
6 14 1
82
6 15 1
7
7 8 1
71
7 12 1
57
7 16 1
14
7 17 2
16 88
7 18 1
37
8 9 1
44
8 18 1
34
9 13 1
82
9 15 1
84
9 16 1
19
9 17 2
12 34
10 11 1
48
10 12 1
43
10 14 1
53
11 12 1
52
11 14 2
82 58
11 18 1
65
12 13 1
8
12 15 2
28 43
13 14 2
25 91
14 17 3
60 27 7
15 16 2
5 82
16 17 1
42
17 18 1
10
9 9
1 2 1
75
1 6 1
75
1 7 1
8
3 4 1
39
3 8 1
99
4 6 1
52
5 7 1
68
7 8 1
5
8 9 1
70
10 28
1 2 2
68 41
1 3 1
60
1 4 3
31 26 60
1 6 1
9
1 7 1
78
1 9 1
20
2 3 1
83
2 5 1
86
2 6 3
86 95 88
2 7 1
34
2 9 1
96
3 4 3
9 22 50
3 6 2
1 29
3 8 1
86
4 5 3
79 93 81
4 6 1
22
4 8 2
27 18
4 9 2
5 9
5 6 2
90 40
5 7 2
40 52
5 9 1
62
6 7 2
38 70
6 8 1
56
6 9 1
54
6 10 3
5 13 94
7 9 2
43 33
8 9 1
2
8 10 2
42 32
4 5
1 2 2
59 27
1 3 2
80 99
2 3 2
26 41
2 4 1
72
3 4 3
21 17 32
8 12
1 2 1
84
1 3 1
69
2 3 2
44 49
2 4 1
5
2 6 1
3
2 7 4
45 37 40 20
4 5 1
24
4 6 1
47
4 7 1
12
5 6 1
45
5 8 1
30
7 8 1
47
17 53
1 2 1
91
1 4 1
97
1 8 1
51
1 10 1
26
1 13 2
10 92
1 15 3
51 8 64
1 16 1
17
1 17 1
1
2 4 1
86
2 5 1
89
2 6 1
82
2 7 1
72
2 11 1
63
2 13 2
89 14
2 14 2
22 59
2 15 1
6
2 16 1
1
2 17 1
42
3 6 1
75
3 8 1
95
3 11 1
24
3 16 1
21
4 5 1
30
4 7 1
35
4 9 1
70
4 14 1
69
4 16 1
24
4 17 1
54
5 6 1
44
5 7 1
54
5 8 1
71
5 16 2
42 66
5 17 2
86 8
6 9 1
53
6 12 2
91 74
6 13 1
97
6 15 1
75
7 8 1
81
7 11 2
35 51
7 13 1
89
7 17 1
21
8 12 2
41 63
9 16 2
3 23
9 17 1
56
10 12 1
28
10 17 1
62
11 13 3
91 13 23
12 13 1
70
12 14 1
73
12 15 1
14
12 17 1
38
14 16 1
56
15 16 1
34
8 3
1 2 1
75
1 3 1
15
3 8 1
72
4 3
1 3 1
21
2 3 2
29 75
2 4 1
43
11 3
2 10 1
98
4 5 1
2
4 7 1
67
16 19
1 9 1
63
2 8 1
86
2 10 1
5
3 5 1
93
4 10 1
76
4 12 1
19
6 11 2
79 34
6 13 1
5
7 9 1
32
7 12 1
24
8 12 1
17
8 13 2
75 83
8 14 1
6
9 13 1
94
10 14 1
90
11 14 1
91
12 16 1
59
13 14 2
3 10
13 15 1
2
7 14
1 2 2
34 19
1 5 2
58 38
1 6 1
69
1 7 1
41
2 3 2
59 15
2 4 1
9
2 5 1
95
2 7 2
46 8
3 4 3
8 66 53
3 7 3
20 18 5
4 5 1
7
4 6 2
95 23
4 7 1
84
5 7 2
10 80
15 54
1 2 1
75
1 5 2
98 81
1 6 1
41
1 9 1
17
1 10 1
66
1 11 1
69
1 13 2
11 35
1 14 1
57
1 15 1
54
2 3 1
9
2 4 1
12
2 5 1
58
2 6 1
90
2 7 2
93 50
2 13 1
35
2 15 2
80 28
3 6 1
13
3 7 2
66 84
3 8 1
31
3 10 1
49
3 12 1
64
3 13 1
82
4 5 1
43
4 6 2
43 93
4 7 2
13 62
4 12 1
35
5 7 1
24
5 8 2
33 7
5 11 1
80
5 12 1
77
5 13 2
48 8
6 7 1
52
6 9 1
66
6 11 1
91
6 13 2
15 47
6 15 1
55
7 9 1
38
7 10 2
88 67
7 12 1
11
7 13 3
75 43 87
7 14 2
29 58
8 9 1
23
8 10 1
32
9 10 1
1
9 11 1
70
9 12 2
95 22
9 13 1
74
9 15 3
8 24 52
10 11 3
94 39 21
11 12 1
32
11 15 1
60
12 13 2
66 54
12 15 1
51
14 15 1
67
17 35
1 3 1
70
1 5 1
62
1 11 1
57
1 14 1
53
1 15 1
61
2 3 1
72
2 6 1
22
2 8 1
83
3 6 1
2
3 7 1
85
3 11 1
76
3 16 1
55
3 17 1
58
4 7 1
13
4 14 1
64
4 17 1
58
5 6 1
34
5 7 1
44
5 10 1
56
6 9 1
61
7 8 1
90
7 10 1
6
8 9 1
87
8 11 1
93
10 12 1
6
10 13 2
93 87
10 16 1
47
10 17 1
75
12 15 1
51
12 16 2
99 65
13 14 1
82
13 15 1
10
13 16 1
10
14 15 3
40 34 19
16 17 1
53
3 3
1 2 5
69 58 59 36 64
1 3 6
76 15 11 32 59 85
2 3 2
8 85
13 43
1 2 2
38 14
1 3 1
94
1 4 2
66 18
1 5 1
24
1 6 1
97
1 7 1
28
1 9 1
76
1 11 2
60 42
1 13 1
92
2 10 1
34
3 4 1
18
3 5 1
47
3 10 1
74
3 11 1
81
3 12 1
92
3 13 1
15
4 5 1
36
4 6 1
28
4 7 1
60
4 8 1
51
4 12 1
60
4 13 1
94
5 6 3
53 34 25
5 8 1
36
5 9 2
83 47
5 11 1
55
5 12 2
18 86
5 13 2
54 25
6 7 1
42
6 8 1
28
6 10 1
27
6 11 1
96
6 12 2
67 89
7 8 2
61 75
7 12 1
59
7 13 1
37
8 9 1
32
8 10 2
13 29
8 11 1
15
8 13 1
19
10 11 1
15
11 12 1
56
12 13 1
68
12 26
1 2 1
19
1 3 1
49
1 4 1
58
1 6 2
83 79
1 10 1
71
1 11 2
15 87
1 12 1
40
2 8 1
13
2 9 1
65
3 4 3
96 34 36
3 12 1
12
4 5 1
43
5 7 3
45 2 51
5 8 1
28
5 11 1
4
5 12 1
29
6 7 1
57
6 8 6
60 95 20 35 65 53
7 8 1
9
7 10 1
3
7 11 1
24
8 10 3
81 84 51
9 10 1
8
9 11 2
76 97
9 12 2
39 23
10 12 1
76
16 5
1 8 1
21
3 6 1
3
5 16 1
86
6 10 1
28
10 14 1
40
17 31
1 2 1
16
1 9 1
48
1 10 1
60
2 5 1
56
2 6 1
86
2 7 1
20
2 8 2
38 19
2 9 1
48
2 11 1
31
2 14 1
34
2 17 1
95
3 4 1
78
3 6 1
85
4 6 1
2
4 13 1
27
4 15 1
4
5 10 1
26
6 7 1
63
6 8 1
53
6 15 2
84 44
8 10 1
6
8 14 1
42
9 10 1
26
9 12 1
93
9 14 1
59
9 17 1
6
10 14 1
71
10 16 1
61
13 15 1
30
15 16 1
60
15 17 1
33
11 9
1 2 1
6
1 9 1
95
3 4 1
95
3 7 1
82
4 8 1
55
6 11 1
44
7 10 1
83
8 9 1
23
9 10 1
73
12 17
1 2 1
81
1 12 1
76
2 8 1
50
3 4 1
91
3 5 1
75
3 7 1
37
4 10 2
15 80
4 11 2
99 25
5 6 2
80 48
5 8 1
6
6 8 2
48 34
6 9 1
25
6 12 1
32
7 10 1
53
7 12 1
69
8 10 1
75
8 11 2
26 80
19 44
1 2 2
22 8
1 4 1
6
1 5 1
20
1 8 1
25
1 10 1
82
1 13 1
72
1 14 1
64
1 15 1
51
1 18 1
68
2 9 1
54
2 11 1
87
2 19 1
77
3 8 1
89
3 11 1
44
3 17 1
1
3 18 2
43 49
4 5 1
98
5 8 2
64 19
5 10 1
48
5 12 1
88
6 9 1
4
6 11 1
2
6 12 1
80
6 15 2
39 1
6 17 1
38
6 19 1
21
7 8 1
83
7 10 1
24
7 13 1
30
7 15 1
67
7 16 1
23
7 17 1
70
8 9 1
16
8 13 1
88
8 17 1
71
10 13 1
64
11 13 1
5
11 16 1
18
12 13 1
28
13 17 1
89
13 19 1
92
15 19 1
3
17 18 1
16
17 19 1
51
3 3
1 2 1
89
1 3 2
1 6
2 3 1
17
15 51
1 2 3
58 66 6
1 5 1
98
1 6 1
16
1 8 4
10 98 18 66
1 9 1
7
1 10 1
20
1 12 1
31
1 13 1
3
1 14 1
37
1 15 1
87
2 5 2
51 57
2 6 1
4
2 7 2
61 72
2 8 2
57 51
3 8 2
51 80
3 9 3
26 4 85
3 10 1
65
3 13 1
59
3 15 1
62
4 7 1
88
4 9 1
56
4 10 1
24
4 12 1
95
4 14 2
8 56
5 6 1
92
5 8 1
24
5 12 1
23
5 13 2
22 81
5 14 1
45
6 7 1
8
6 9 1
84
6 11 2
18 42
6 12 2
6 44
6 13 1
10
7 8 2
19 29
7 9 1
47
7 10 1
50
7 13 1
56
8 9 1
96
9 10 2
30 60
9 12 1
50
9 13 1
56
9 15 1
95
10 12 2
91 86
10 13 1
28
11 12 1
51
11 15 1
32
12 14 1
5
12 15 2
50 84
13 14 3
77 65 41
14 15 1
65
18 60
1 2 1
11
1 3 1
80
1 4 1
98
1 7 2
39 19
1 8 2
26 40
1 10 1
97
1 13 1
89
1 18 1
56
2 5 2
7 95
2 6 3
26 81 52
2 8 2
74 70
2 9 2
42 97
2 12 1
6
2 14 2
19 58
2 17 1
81
3 4 1
60
3 7 1
52
3 9 1
56
3 10 1
57
3 11 2
19 40
3 13 1
68
3 15 2
57 47
3 17 1
51
4 8 1
31
4 10 1
37
4 17 3
43 88 98
5 8 2
86 89
5 9 2
10 23
6 8 1
96
6 10 2
22 18
6 14 1
38
6 15 1
74
7 8 1
50
7 9 1
6
7 16 1
89
7 18 1
30
8 10 1
90
8 11 1
85
8 12 1
28
8 16 1
10
8 17 1
63
8 18 1
17
9 10 1
68
9 13 1
69
9 18 1
50
10 16 1
67
10 17 1
78
11 13 1
42
11 14 1
39
11 15 1
37
12 14 1
12
12 15 1
74
12 16 1
35
13 17 1
50
14 15 4
5 47 72 96
14 18 1
62
15 17 1
47
16 17 2
90 55
16 18 1
89
17 18 1
83
3 3
1 2 2
61 56
1 3 4
43 40 92 70
2 3 7
98 89 96 56 74 45 30
9 24
1 3 3
10 84 78
1 4 1
3
1 5 1
60
1 6 2
14 77
1 7 1
76
2 3 1
97
2 4 1
75
2 5 1
57
2 6 1
50
2 8 1
61
2 9 2
64 31
3 4 1
83
3 5 2
68 12
3 6 1
17
3 9 1
4
4 5 2
67 76
4 7 2
23 13
4 8 1
72
5 6 4
45 63 22 86
5 7 4
29 9 57 7
6 8 2
9 22
6 9 4
96 92 40 25
7 8 1
2
8 9 1
58
19 34
1 2 1
69
1 3 1
8
1 4 1
13
1 15 1
38
1 18 1
49
2 8 1
17
2 10 1
47
2 14 1
90
2 18 1
68
3 5 1
79
3 6 2
96 34
3 8 1
95
3 10 1
67
3 13 1
40
3 14 1
32
4 5 1
46
4 8 1
1
4 14 1
18
4 15 1
85
4 17 3
59 50 89
4 19 1
65
5 10 1
1
5 11 1
30
5 18 1
57
6 8 1
23
7 18 1
27
8 16 1
65
9 10 1
53
9 11 1
55
9 12 1
97
11 12 1
39
12 17 1
68
14 16 1
55
14 17 1
17
4 3
1 2 1
60
2 3 1
40
4 3 1
30
3 2
1 2 1
42
2 3 1
42
5 5
1 3 2
60 70
1 4 3
20 22 24
4 5 1
10
3 5 2
12 80
3 2 2
55 78
8 0
20 0
12 11
1 2 1
99
2 3 1
98
3 4 1
97
4 5 1
96
5 6 1
95
6 7 1
94
7 8 1
93
8 9 1
92
9 10 1
91
10 11 1
90
11 12 1
89
20 19
1 2 1
99
2 3 1
98
3 4 1
97
4 5 1
96
5 6 1
95
6 7 1
94
7 8 1
93
8 9 1
92
9 10 1
91
10 11 1
90
11 12 1
89
12 13 1
88
13 14 1
87
14 15 1
86
15 16 1
85
16 17 1
84
17 18 1
83
18 19 1
82
19 20 1
81
20 18
1 2 1
99
2 3 1
98
3 4 1
97
4 5 1
96
5 6 1
95
6 7 1
94
7 8 1
93
8 9 1
92
9 10 1
91
10 11 1
90
12 13 1
88
13 14 1
87
14 15 1
86
15 16 1
85
16 17 1
84
17 18 1
83
18 19 1
82
1 19 1
22
8 0
3 0
4 3
1 2 1
60
2 3 1
40
4 3 1
30
3 2
1 2 1
42
2 3 1
42
5 5
1 3 2
60 70
1 4 3
20 22 24
4 5 1
10
3 5 2
12 80
3 2 2
55 78
5 4
2 4 2
1 3
5 1 1
1
4 3 3
1 2 4
5 2 2
1 9
5 5
1 4 4
2 5 7 10
2 4 2
1 3
5 1 1
1
4 3 3
1 2 4
5 2 2
1 9
5 6
1 4 4
2 5 7 10
2 4 2
1 3
5 1 1
1
4 3 3
1 2 4
5 2 2
1 9
3 1 2
1 2
