50
4
7 3 0
5 1 0
9 2 0
3 0
6
5 0
2 1 0
4 1 0
8 2 0
3 3 0
3 4 1 5 0
6
5 3 0
11 6 0
8 0
7 0
14 4 0
2 0
7
3 2 0
4 4 0
2 4 0
6 0
3 1 7 0
8 3 0
9 1 6 0
7
23 3 0
11 3 0
67 0
28 1 2 3 0
31 2 0
18 4 7 1 0
44 5 4 0
40
16 40 0
17 0
2 2 1 0
91 3 2 0
92 2 4 3 1 0
35 4 2 3 5 1 0
83 3 4 6 5 0
41 4 39 6 38 3 2 1 40 5 7 37 0
58 5 8 7 6 0
51 4 7 6 8 9 5 0
29 10 8 9 0
66 11 9 10 0
60 9 12 11 10 8 0
10 13 8 12 11 10 9 0
100 0
77 0
5 15 16 14 13 0
87 17 0
21 17 18 0
67 19 18 17 0
20 18 19 20 0
51 19 20 18 17 21 0
93 19 22 21 20 18 0
86 22 20 21 23 0
63 23 22 24 0
94 22 23 25 24 0
79 22 23 24 26 25 0
44 26 25 27 0
67 26 27 28 0
8 29 28 0
51 28 25 22 29 27 23 24 26 30 0
91 31 30 27 26 28 29 0
78 30 32 29 31 27 26 28 0
64 32 33 31 27 29 28 30 0
56 32 31 33 30 34 0
36 35 34 30 32 29 31 33 0
14 35 36 0
72 36 37 0
78 38 36 35 34 37 0
23 39 37 36 38 35 0
11
2 0
28 1 0
1 1 2 0
71 2 3 0
54 4 3 2 0
41 5 0
27 4 5 6 0
59 7 6 0
90 0
29 7 9 8 0
88 9 8 10 0
19
94 19 0
37 17 19 1 18 0
45 2 19 1 0
60 1 3 19 2 17 18 0
82 0
46 2 4 5 3 1 0
23 1 3 5 4 6 19 2 0
14 2 5 6 4 7 3 0
66 7 8 0
33 9 5 6 8 3 7 4 0
73 10 9 6 7 8 0
75 11 0
58 12 11 8 9 10 0
78 0
93 14 13 0
54 15 9 10 11 13 12 14 0
45 13 14 16 15 0
93 17 16 0
90 18 0
39
81 39 38 0
23 38 35 37 39 36 1 0
71 39 38 2 1 0
100 3 38 39 1 36 2 37 0
80 4 38 39 37 2 1 3 0
87 2 4 5 3 0
73 5 3 4 6 0
40 5 7 6 0
15 6 5 8 7 0
63 9 0
13 10 0
56 0
79 8 7 9 6 12 10 11 0
13 13 10 12 11 0
72 14 11 12 10 9 13 0
42 11 14 9 10 15 13 12 0
7 15 16 0
65 17 16 15 0
6 0
39 19 16 18 17 15 0
13 20 18 19 0
95 21 19 20 0
52 17 20 21 22 16 18 19 0
70 20 21 23 19 22 18 17 0
17 23 21 24 19 20 22 0
67 24 25 0
64 21 23 26 22 24 25 0
49 26 25 27 0
63 26 28 27 23 24 25 0
54 29 25 26 27 28 0
13 30 29 28 0
20 0
46 31 32 0
51 33 0
27 0
64 34 30 33 32 29 31 35 0
61 36 34 35 0
9 0
57 38 37 0
14
58 0
14 0
38 1 14 2 0
51 3 0
42 0
34 5 4 0
2 6 0
22 5 6 7 0
22 8 0
28 9 0
100 9 10 0
50 0
51 11 12 0
52 12 13 0
29
62 24 29 25 26 27 28 0
78 1 0
21 27 2 1 29 28 0
45 28 29 1 26 2 27 3 0
37 29 4 28 2 1 3 27 0
18 0
61 0
89 4 5 6 7 0
10 3 5 6 4 7 8 0
7 0
92 10 0
11 7 10 11 6 8 5 9 0
58 0
91 12 10 13 11 0
18 13 12 14 11 0
65 14 12 15 11 13 0
57 16 0
94 17 0
56 15 18 16 17 0
72 14 15 16 19 18 13 17 0
93 14 19 16 17 15 20 18 0
80 21 18 20 17 19 0
70 21 19 18 22 20 0
47 23 0
41 24 21 23 22 0
74 25 24 0
21 26 20 23 21 25 22 24 0
24 27 0
31 28 27 0
19
8 18 15 16 17 14 19 0
70 1 0
23 1 18 2 19 0
38 3 2 19 1 0
56 18 3 1 4 2 19 0
54 3 5 4 0
3 3 1 4 6 5 2 0
55 4 2 5 7 6 3 0
61 8 7 0
32 9 7 6 5 8 4 0
74 8 7 4 6 9 10 5 0
25 7 10 11 9 8 0
58 7 9 10 11 12 8 6 0
53 12 13 10 11 0
34 12 14 13 0
82 10 15 9 11 14 12 13 0
69 10 16 11 15 14 12 13 0
97 16 15 17 0
31 17 15 18 16 0
37
8 34 36 37 35 33 0
19 36 1 35 37 0
67 0
61 3 2 0
69 1 37 3 2 4 0
28 3 5 4 2 0
100 4 5 6 3 0
12 6 7 5 0
11 7 6 8 5 0
32 0
64 10 9 5 7 8 6 4 0
74 8 11 9 10 0
89 0
48 11 9 13 12 10 0
75 13 10 12 14 11 0
16 11 15 13 14 12 9 10 0
10 14 10 16 15 12 13 11 0
45 16 17 0
17 16 18 17 0
7 0
66 20 18 19 0
53 21 0
28 22 21 0
25 21 17 19 18 22 23 20 0
98 0
79 25 23 24 0
77 25 24 26 0
45 27 25 26 22 23 24 0
41 27 24 26 25 28 0
93 28 29 27 0
31 29 28 30 0
79 30 31 29 0
23 32 29 31 30 0
10 33 0
99 34 0
58 34 35 32 31 30 33 0
57 35 36 0
39
87 38 36 39 37 0
88 0
4 37 39 1 2 38 0
17 3 0
59 2 39 3 4 1 0
92 3 4 5 0
69 6 5 0
14 7 5 2 3 6 4 0
98 0
49 8 9 7 0
38 10 0
22 11 10 9 0
81 8 7 12 11 9 10 0
61 11 12 13 0
16 0
17 15 14 0
92 13 15 16 14 0
95 13 17 15 16 14 0
76 16 18 17 0
2 18 15 16 17 19 0
75 19 17 16 20 18 0
72 19 15 17 16 20 21 18 0
35 21 22 20 0
45 22 23 0
55 21 24 23 22 20 0
22 20 24 21 22 19 25 23 0
34 26 0
92 25 26 27 0
17 27 28 26 0
97 26 28 27 29 0
34 30 27 29 28 0
74 28 30 29 31 0
8 0
56 32 28 29 33 31 30 27 0
60 33 34 0
2 33 34 35 32 0
25 34 36 35 0
42 36 35 34 37 0
73 38 37 0
39
7 38 35 36 39 37 0
54 39 1 38 0
6 2 1 39 38 0
21 3 2 39 1 0
21 4 3 0
79 1 5 3 2 4 0
68 4 3 6 5 0
14 5 7 3 4 6 0
36 3 4 6 2 8 7 5 0
29 8 9 7 0
13 8 7 5 9 10 6 0
45 0
25 9 12 10 11 0
100 12 8 7 13 10 9 11 0
62 14 13 11 12 0
10 14 15 0
12 15 11 13 14 12 16 10 0
19 0
33 18 17 15 16 14 0
79 19 0
25 19 20 16 17 18 15 0
73 19 21 20 18 15 17 16 0
64 21 19 20 22 0
64 0
24 24 0
96 25 24 0
100 23 24 25 26 0
67 25 26 27 0
50 28 27 0
89 27 29 28 0
52 30 0
79 30 25 26 28 31 27 29 0
96 32 0
74 29 28 30 33 32 31 0
40 31 29 30 32 33 34 0
42 35 31 33 34 32 0
59 36 35 0
99 36 34 35 37 32 33 31 0
79 37 36 38 35 0
3
65 2 3 0
21 3 1 0
64 0
5
2 0
98 1 5 0
2 2 0
73 1 2 3 0
25 4 0
3
96 0
12 3 1 2 0
85 0
24
39 22 21 19 24 20 23 0
5 21 22 1 24 23 0
40 1 24 2 0
86 21 22 24 3 2 23 1 0
29 4 0
23 24 1 2 5 4 3 0
18 3 4 6 5 0
54 2 3 4 7 6 1 5 0
30 7 2 8 5 6 3 4 0
13 7 9 5 6 4 8 0
75 9 10 0
77 11 10 0
13 7 11 9 12 6 10 8 0
90 9 13 12 11 10 0
76 13 14 11 12 0
37 15 0
48 15 16 14 0
91 15 16 17 13 14 0
92 16 17 18 15 0
6 19 0
78 17 18 20 19 0
64 0
7 19 21 20 22 0
46 22 20 21 23 0
34
95 34 0
92 34 33 1 32 0
3 2 1 0
29 34 2 3 33 1 0
58 4 33 34 3 1 2 0
76 5 0
73 6 5 0
92 3 4 6 5 7 0
10 0
51 0
37 7 8 9 10 0
67 9 11 8 10 7 0
11 10 9 11 12 0
4 8 11 12 13 9 10 0
38 14 0
93 0
88 13 14 16 15 0
64 14 13 16 15 12 17 0
24 13 17 16 18 14 15 0
77 18 17 19 16 15 14 0
41 18 15 17 20 16 19 0
3 13 16 15 17 14 18 20 19 21 0
96 0
81 21 15 22 18 17 16 23 20 19 14 0
84 23 24 0
44 25 23 24 22 0
36 25 24 22 23 26 0
5 26 27 0
8 28 25 24 23 26 27 22 0
88 27 28 26 29 24 25 0
65 30 28 29 27 26 0
45 31 0
51 30 32 31 0
8 27 29 28 30 31 33 32 0
12
89 12 11 0
87 11 12 1 0
24 0
81 0
92 3 4 0
14 3 5 4 0
27 6 0
26 6 7 0
94 8 0
18 9 0
48 0
87 11 0
32
22 29 28 27 31 32 30 0
85 1 31 32 0
27 28 2 31 1 32 29 30 0
99 1 31 2 32 3 30 29 0
88 4 3 0
45 5 4 2 3 0
46 6 2 32 4 1 5 3 0
91 5 6 4 7 3 0
96 5 3 4 7 2 8 6 0
78 7 6 8 5 9 0
74 8 10 9 7 6 0
13 10 11 8 9 0
2 12 7 8 11 9 10 0
30 12 11 8 13 9 10 0
46 13 14 0
15 14 15 0
35 0
91 15 13 14 17 16 12 0
7 16 15 17 18 0
3 15 13 14 17 16 18 19 0
31 16 18 15 19 20 17 0
16 15 21 18 16 17 19 20 0
75 0
5 21 19 23 18 20 22 0
99 24 21 19 23 20 22 0
32 23 25 24 0
19 23 24 26 25 22 0
40 27 25 26 0
64 25 27 28 26 0
21 25 29 26 27 28 0
2 29 30 27 28 26 0
48 30 31 0
24
35 24 23 21 22 0
32 20 1 19 21 23 24 22 0
79 1 24 2 0
89 2 3 1 24 0
37 3 24 23 2 1 4 0
85 5 1 2 3 4 0
8 6 5 0
39 7 4 6 5 0
51 7 6 5 8 0
67 9 0
82 8 10 9 0
32 10 9 11 8 0
82 10 12 11 0
19 11 13 12 10 0
73 10 14 11 12 13 0
96 0
73 16 0
39 17 16 15 14 11 12 13 0
15 0
97 13 19 17 16 18 15 14 0
23 19 20 0
45 0
9 16 20 18 21 19 22 17 0
55 23 19 21 20 22 0
12
17 0
83 0
86 1 2 12 0
92 0
69 3 4 0
43 5 0
44 6 0
86 0
25 8 7 0
94 8 9 0
86 8 9 10 0
14 0
33
26 31 33 30 29 32 0
97 33 29 31 32 28 30 1 0
75 29 33 30 32 2 1 31 0
29 3 0
62 3 2 4 0
48 4 5 2 3 0
89 6 0
92 1 3 2 7 4 6 5 0
15 8 7 0
45 9 0
62 0
5 11 9 8 10 0
59 0
59 13 11 10 9 12 0
51 14 12 13 0
69 13 15 12 14 11 0
77 16 15 10 13 11 12 14 0
26 14 13 17 12 16 15 0
82 16 17 18 0
25 19 18 0
94 18 17 20 19 0
60 21 17 19 16 20 18 0
2 21 19 20 22 0
44 22 23 0
100 24 0
67 24 25 0
76 23 24 25 26 0
2 24 25 27 26 0
3 28 0
82 28 27 29 0
18 25 27 28 29 26 30 0
96 31 0
26 28 29 32 31 30 27 0
74
31 74 0
43 70 72 74 1 73 71 0
89 71 73 2 74 1 72 0
86 2 3 74 1 72 71 73 0
73 1 72 4 3 2 73 74 0
98 4 5 0
27 6 5 0
43 7 0
99 8 7 0
7 8 7 9 0
9 4 10 7 6 8 9 5 0
36 7 6 8 10 11 9 0
14 9 11 8 10 6 12 7 0
73 12 11 13 0
87 0
86 15 0
49 14 16 15 0
20 16 17 0
70 17 16 18 15 0
46 19 18 0
18 20 19 18 0
46 0
67 20 22 19 21 0
15 22 23 0
65 23 22 24 0
92 23 21 25 22 20 24 0
95 25 24 26 0
87 23 27 24 26 25 0
62 26 25 27 28 0
79 0
41 29 30 0
44 31 0
38 28 30 32 29 31 0
96 27 30 29 32 25 33 26 31 24 28 0
94 0
92 35 34 33 0
26 0
75 37 34 35 36 0
42 37 38 0
66 38 39 36 37 35 0
13 39 38 40 0
61 39 41 40 0
78 0
65 0
36 43 39 40 44 41 42 38 0
81 45 43 44 40 41 42 0
72 46 0
100 45 44 47 46 0
86 48 0
17 48 49 0
96 49 50 48 47 0
28 50 51 49 48 0
86 52 51 0
16 53 52 0
43 0
32 0
79 55 56 0
73 56 55 57 0
18 55 53 56 52 58 54 57 0
80 59 0
96 57 58 60 55 59 56 0
16 60 61 0
44 62 58 59 60 61 0
45 63 62 0
93 64 62 63 0
70 64 65 0
7 66 65 60 63 64 61 62 0
33 67 0
74 0
94 67 68 69 66 0
44 66 67 70 69 65 68 64 0
87 71 69 67 66 64 63 68 65 70 0
50 71 72 70 0
38 73 0
108
44 108 107 0
2 105 108 1 106 107 0
46 1 2 0
19 1 2 108 3 0
95 4 2 3 0
98 108 5 1 4 3 2 0
63 5 4 6 0
38 6 7 0
87 0
64 4 7 5 6 9 8 3 0
83 8 6 9 7 10 0
81 5 7 8 11 6 10 9 0
9 11 10 12 9 8 0
42 12 13 10 9 11 0
74 13 12 14 11 0
43 0
48 0
72 13 14 15 16 11 12 17 0
25 13 14 16 15 18 12 17 0
41 13 19 15 18 14 16 17 0
57 17 20 16 18 19 0
44 16 20 21 17 19 18 0
6 20 22 21 0
22 23 22 19 20 21 18 0
69 21 19 20 24 22 23 18 0
3 21 24 22 23 25 0
23 22 24 26 25 23 0
64 27 0
36 25 28 26 23 27 24 22 0
60 24 25 29 27 28 26 0
84 29 30 25 26 28 27 0
79 30 31 29 0
4 0
30 0
59 34 30 33 31 28 32 29 0
46 34 33 35 0
48 36 33 34 32 35 0
91 37 0
33 38 37 36 0
57 35 38 37 39 34 36 0
38 0
93 0
35 39 38 42 41 40 0
86 43 0
3 44 39 42 38 41 40 43 0
71 42 44 45 43 0
6 44 46 45 0
42 44 47 43 45 42 46 0
90 48 46 45 47 0
45 49 44 45 43 46 48 47 0
60 48 47 50 44 45 49 46 0
16 47 50 49 51 46 48 0
7 50 51 52 0
95 53 52 0
88 50 49 52 54 51 53 0
90 52 53 54 55 0
95 55 54 56 0
51 57 0
70 58 57 0
61 58 56 55 57 59 0
67 60 0
92 54 59 56 60 55 58 61 57 0
78 60 57 59 56 61 62 58 0
48 57 61 60 62 59 58 63 0
5 61 62 64 63 60 0
55 65 0
12 64 63 66 65 62 0
63 67 66 0
10 68 0
44 69 67 64 68 63 66 65 0
30 66 69 65 67 70 68 64 0
55 71 0
27 71 72 0
48 72 73 70 71 0
57 74 0
85 72 74 75 73 0
52 74 73 75 76 0
60 76 75 77 0
57 78 0
82 0
25 79 78 77 80 76 0
23 0
47 81 82 0
32 82 79 80 81 83 78 0
70 82 79 83 81 80 84 0
45 83 85 84 0
13 85 86 0
87 86 84 87 85 82 83 0
88 0
4 87 88 86 89 0
43 90 0
61 91 0
10 92 0
78 0
49 94 93 0
24 93 94 95 0
99 93 96 94 95 0
67 97 94 96 95 93 0
43 96 97 98 0
29 96 98 99 97 0
93 100 99 0
99 0
15 101 102 0
9 94 96 103 97 98 95 102 100 99 101 0
52 104 101 100 103 102 0
68 105 0
72 106 105 0
87 97 99 107 101 100 104 105 102 106 98 103 0
110
25 106 105 109 108 107 110 0
28 1 0
96 110 2 1 0
77 1 2 3 0
80 110 1 3 4 2 109 0
21 1 4 2 3 5 0
30 5 6 4 0
41 7 0
12 2 3 6 8 4 5 7 0
77 4 7 8 5 9 3 6 0
22 9 10 0
30 10 11 9 0
21 10 11 12 0
74 7 11 8 9 10 12 13 0
31 14 13 0
78 0
53 14 16 15 13 0
96 17 0
1 17 16 18 0
75 17 19 14 16 15 18 0
80 20 19 18 17 0
43 0
19 22 19 21 18 17 20 16 0
85 23 20 22 21 0
22 22 20 24 21 19 23 0
79 25 0
10 24 26 25 0
24 22 26 27 21 25 23 24 0
29 23 22 24 28 27 25 26 0
27 29 27 28 0
44 29 28 27 30 26 0
35 30 31 0
13 32 31 0
8 27 33 32 28 29 31 30 0
53 33 34 0
55 32 33 34 35 0
38 34 35 36 0
3 37 36 34 35 0
11 0
96 34 39 37 35 36 38 0
64 35 34 40 38 37 36 39 0
58 40 37 39 38 41 0
60 36 37 38 41 39 42 40 35 0
36 41 42 43 0
14 40 38 43 42 41 44 39 0
71 43 41 42 44 45 0
17 42 40 41 45 46 43 44 0
65 47 0
27 43 46 47 48 45 42 44 0
89 49 47 48 45 46 44 0
85 46 49 47 50 48 0
69 50 48 46 49 47 51 0
61 49 51 48 52 50 0
71 53 0
90 49 51 50 53 54 48 52 0
53 55 51 50 54 49 52 53 0
82 52 50 54 55 56 53 51 0
96 56 55 52 57 54 53 0
24 57 56 58 0
35 59 0
23 0
41 61 0
6 58 60 62 59 61 0
7 63 62 60 61 0
3 61 59 60 63 64 62 0
58 59 60 65 63 61 64 62 0
42 66 61 65 63 60 62 64 0
82 66 63 62 65 67 64 0
76 65 67 68 63 66 62 64 0
6 68 69 0
98 70 69 68 0
35 70 67 71 68 69 0
42 69 68 72 71 70 0
34 73 0
72 74 70 72 71 73 0
28 0
31 74 73 76 75 0
86 0
11 77 78 0
62 0
77 80 76 78 77 79 0
88 80 81 0
88 77 80 81 78 82 79 0
40 83 81 82 0
79 83 84 0
63 81 83 79 82 84 80 85 0
40 85 86 0
76 87 0
3 88 87 84 86 85 0
52 89 0
41 88 87 89 90 0
88 91 89 90 0
38 88 92 90 86 89 91 87 0
60 92 93 90 91 89 0
21 93 94 92 0
17 0
72 91 96 95 93 94 92 90 0
4 97 0
67 97 98 94 95 96 93 0
33 91 93 98 94 96 95 92 99 97 90 0
29 99 97 100 98 0
83 0
39 98 101 100 97 96 102 99 0
60 103 102 0
63 99 101 103 100 102 98 104 0
44 105 0
93 105 104 106 0
24 107 106 105 0
72 108 107 0
6 109 107 105 106 104 108 0
69
98 69 0
5 69 68 1 67 0
76 2 1 69 0
25 3 0
32 3 68 1 2 69 4 0
12 5 69 4 3 1 2 0
16 5 4 6 3 0
92 7 0
44 0
50 9 5 6 7 8 0
62 7 10 9 8 0
46 7 8 10 9 11 0
8 0
67 10 13 9 8 11 12 0
33 13 14 0
81 13 11 10 15 14 12 0
50 0
82 15 13 12 16 14 17 0
22 14 16 18 15 17 0
19 19 0
87 19 20 18 0
14 20 21 17 19 18 0
8 22 16 18 20 17 19 21 0
43 22 19 23 21 20 0
66 23 21 20 22 24 0
80 25 23 24 0
86 24 25 26 0
17 27 25 26 0
79 25 23 24 26 27 28 22 0
78 29 0
44 30 29 0
68 28 27 31 29 30 0
70 27 32 29 28 31 30 0
36 33 32 31 0
78 33 30 34 31 32 0
39 33 35 34 0
97 0
84 36 34 35 37 0
59 33 35 37 38 36 34 0
26 0
45 36 39 35 38 40 37 0
99 40 41 0
82 41 38 42 40 39 0
56 38 43 39 42 40 41 37 0
85 42 44 43 41 0
77 44 43 42 45 0
97 41 43 46 40 44 45 42 0
72 47 46 45 44 0
52 48 46 47 0
8 49 47 48 0
19 48 49 47 46 50 0
60 0
12 52 50 51 0
71 0
73 54 53 0
12 50 54 51 53 55 52 0
83 52 56 54 51 55 53 0
8 55 57 54 56 0
77 58 0
7 56 59 57 58 0
59 58 56 55 59 57 60 0
80 58 60 59 61 57 0
23 60 62 61 58 59 0
91 0
57 64 63 0
20 64 65 61 60 62 63 0
68 62 63 65 64 66 0
36 64 63 66 67 62 65 0
57 66 64 67 65 63 68 0
119
36 118 117 116 119 0
33 0
67 2 0
74 3 1 116 117 119 2 118 0
60 0
66 0
65 6 5 0
47 5 7 6 0
45 7 8 0
63 9 5 7 8 6 0
30 7 6 9 10 8 0
62 11 10 0
25 9 7 8 11 10 12 0
57 12 11 13 0
8 14 0
91 13 14 15 12 0
45 15 16 14 0
70 14 15 17 16 0
88 18 0
59 14 19 16 15 18 17 0
7 20 18 19 0
28 21 0
24 20 21 22 18 19 0
5 23 22 20 19 21 0
94 23 21 24 18 22 20 19 0
99 25 0
45 26 0
84 0
78 28 0
83 28 25 24 26 27 29 0
45 28 30 29 25 27 26 0
75 30 28 31 27 29 0
79 32 30 31 29 0
12 31 33 32 0
65 31 34 28 29 33 32 30 0
69 0
85 30 33 32 36 34 35 31 0
72 37 0
22 37 34 38 35 36 33 0
80 36 39 38 35 37 0
41 39 37 40 38 0
18 39 40 35 41 38 37 36 0
99 41 40 42 0
35 38 37 42 41 39 40 43 0
41 41 42 44 43 0
57 45 0
40 42 41 40 46 44 43 45 0
100 45 46 47 0
3 46 44 42 47 45 43 48 0
62 49 0
8 50 0
47 49 50 48 51 0
63 47 49 52 51 48 50 0
74 50 53 52 51 0
56 54 53 0
30 55 53 51 52 54 0
1 0
65 0
74 58 56 57 0
12 59 0
34 58 55 60 56 57 59 0
42 60 58 57 59 61 0
66 61 62 0
35 59 60 61 63 62 0
37 62 61 60 63 64 0
82 65 0
4 65 66 0
56 67 62 63 65 66 64 0
69 68 66 67 0
4 68 69 0
40 66 68 70 67 69 0
11 71 69 70 0
69 72 0
59 73 0
22 71 72 74 68 69 73 70 0
2 75 74 0
80 75 71 73 74 76 72 0
83 77 0
7 0
60 78 79 0
13 79 77 78 80 0
76 80 78 79 81 0
66 0
100 82 81 83 0
25 84 83 0
27 82 84 85 83 81 0
64 0
30 87 0
1 88 86 87 0
86 89 88 0
36 90 89 86 88 87 0
41 90 91 0
2 89 92 87 88 90 91 0
73 90 92 91 93 0
90 92 88 93 91 89 94 90 0
79 92 90 91 95 94 93 0
27 94 95 93 96 0
76 97 95 92 93 96 94 0
98 95 96 97 98 0
75 98 97 96 99 0
89 97 95 100 99 98 96 0
16 96 99 101 100 98 97 0
3 100 102 101 97 99 98 0
22 0
56 104 0
5 0
66 104 103 106 105 0
50 105 104 107 106 0
34 0
14 106 108 104 105 107 109 0
37 0
54 107 109 108 105 110 111 106 0
22 109 112 110 111 0
79 113 0
52 112 114 110 113 111 0
8 113 114 115 0
16 116 115 0
7 0
46 116 118 114 115 117 0
73
56 70 73 71 68 72 69 0
19 73 70 72 71 1 0
76 2 71 69 73 72 1 70 0
44 0
13 4 2 3 0
16 5 4 3 0
26 2 3 4 6 5 0
52 4 7 1 5 6 3 2 0
29 8 7 4 5 6 2 3 0
34 3 5 9 8 4 7 6 0
58 9 10 8 0
93 10 9 11 0
89 10 8 12 9 7 11 0
74 12 13 0
81 14 0
11 14 15 0
43 15 12 10 13 14 11 16 0
30 12 11 15 13 17 16 14 0
96 16 15 17 18 0
85 0
12 0
29 19 18 20 17 21 0
73 19 21 22 20 0
88 21 23 20 18 22 19 0
61 22 20 24 21 23 19 0
54 0
91 22 20 26 25 24 23 21 0
99 26 24 23 27 25 22 0
72 26 28 25 27 0
46 29 28 27 0
46 30 28 27 29 0
65 31 0
20 0
96 33 32 0
96 0
16 31 30 35 34 29 33 32 0
19 32 34 30 36 35 31 33 0
42 36 37 0
30 38 0
13 39 36 35 37 38 34 0
3 0
27 38 40 39 41 0
78 36 37 38 40 42 41 39 0
42 41 42 40 43 39 0
12 40 41 44 42 43 0
32 43 42 45 44 41 0
22 46 45 44 0
97 44 46 45 47 0
34 48 46 47 0
44 45 48 49 47 46 0
19 0
92 51 50 49 48 0
80 51 52 0
32 51 53 50 52 0
17 54 50 51 53 52 0
99 0
61 53 55 54 56 0
44 56 57 0
92 58 0
88 59 0
60 0
14 61 56 57 60 59 58 0
29 61 62 0
90 63 0
58 64 61 60 63 62 0
98 0
82 64 62 63 65 61 66 0
94 66 67 0
59 65 68 67 66 0
24 68 67 69 0
38 67 66 70 69 68 0
50 70 68 71 69 0
88 70 69 68 72 71 0
54
13 53 54 52 50 51 0
20 1 0
21 1 2 54 0
56 2 3 0
55 4 0
13 4 1 53 3 5 54 2 0
66 0
78 6 7 0
72 5 8 4 6 7 0
46 7 3 5 8 9 6 4 0
31 10 8 9 7 6 0
31 10 8 11 9 0
94 11 8 9 12 10 0
28 11 9 10 8 13 12 0
79 14 13 0
50 14 15 13 0
45 15 14 16 13 0
83 16 17 15 0
29 16 18 17 0
51 19 18 17 0
21 20 19 0
44 21 19 20 16 15 17 18 0
99 16 21 22 17 19 20 18 0
81 23 21 19 22 20 18 17 0
24 0
59 25 24 22 23 20 21 19 0
69 26 24 25 0
11 27 0
23 27 28 0
17 24 25 26 23 27 28 29 0
59 0
73 29 28 27 31 26 30 25 0
72 30 32 29 31 0
21 29 33 32 31 30 0
40 34 32 30 33 31 0
34 33 34 35 0
60 0
33 36 37 0
96 0
35 37 38 39 0
21 38 40 37 35 34 39 36 0
85 0
20 42 39 38 41 40 0
31 40 42 41 38 39 43 0
51 42 41 40 43 44 0
73 44 43 45 42 0
14 42 41 46 43 44 40 45 0
84 47 0
63 45 43 48 47 44 46 0
42 47 48 46 49 0
37 49 50 0
10 51 0
20 52 0
49 52 44 46 51 49 45 47 48 50 53 0
96
35 96 0
78 1 0
68 2 0
57 1 96 2 3 0
76 0
28 5 0
17 5 2 4 6 3 0
59 0
89 6 8 7 4 3 5 0
62 8 6 9 4 7 5 0
7 9 7 8 5 10 6 0
7 11 0
52 11 8 9 12 10 7 0
62 10 9 13 12 11 0
6 12 11 14 13 10 0
15 0
26 12 15 14 13 16 0
27 0
17 0
41 0
70 16 18 15 19 17 20 0
35 17 16 21 18 19 20 0
2 19 20 22 18 21 0
9 23 22 0
19 21 22 23 19 24 20 18 0
56 24 21 20 19 25 22 23 0
53 25 23 22 26 24 0
72 27 0
21 28 27 0
95 28 29 27 0
37 27 26 30 28 29 0
20 25 26 27 30 29 28 31 0
7 31 28 30 32 29 0
41 0
80 32 33 34 0
67 35 34 33 0
1 0
47 36 31 32 34 35 33 37 0
61 37 38 0
62 36 39 37 38 34 33 35 0
14 39 40 38 0
53 41 40 0
64 42 40 36 39 37 38 41 0
14 42 41 40 43 0
56 40 44 43 42 41 0
100 40 43 45 44 41 42 0
61 45 46 0
33 47 46 45 0
13 47 48 46 44 45 0
27 46 48 49 47 45 0
72 49 50 0
76 50 51 49 0
1 52 0
14 49 51 52 53 50 0
80 54 52 51 53 0
33 51 52 53 54 55 50 0
58 55 52 53 56 54 0
56 55 57 53 54 56 0
38 58 57 0
55 59 54 55 57 56 58 53 0
19 57 59 60 58 0
62 61 0
82 61 58 60 59 57 62 0
79 60 63 61 62 0
55 64 63 59 60 61 62 58 0
11 63 61 65 59 62 64 60 0
55 66 63 64 62 65 60 61 0
66 0
84 64 66 68 65 67 0
21 0
77 70 0
81 71 70 0
62 72 70 71 0
22 72 73 71 0
29 69 68 74 73 72 70 71 0
50 75 72 73 70 71 74 0
69 76 74 75 73 0
91 74 75 77 76 0
30 78 0
87 77 79 78 0
72 80 77 79 78 0
63 79 77 76 81 80 78 0
80 81 77 80 82 79 76 78 0
35 79 81 82 83 78 80 0
44 83 84 81 82 80 0
90 85 0
60 86 85 0
58 82 83 87 85 84 86 0
36 87 86 88 0
46 88 89 0
100 89 90 88 0
16 88 89 87 91 90 0
98 92 89 88 90 91 0
1 93 0
71 92 88 90 93 91 94 89 0
11 93 94 92 95 0
97
25 97 96 95 94 0
52 0
100 1 2 97 96 95 94 0
39 2 3 1 97 0
80 3 1 4 2 0
91 5 4 0
16 0
51 7 0
40 4 6 5 7 8 0
51 9 8 0
46 8 9 10 0
82 11 10 9 8 0
16 12 11 0
23 11 12 13 0
34 12 9 11 13 14 10 0
31 14 15 9 10 12 11 13 0
23 15 14 12 11 13 16 0
29 16 17 15 0
87 16 18 15 17 0
48 15 17 18 16 19 0
28 19 20 0
70 0
31 14 20 16 19 21 17 13 15 18 22 0
88 21 22 23 0
91 19 22 21 20 23 18 24 0
19 25 0
10 26 0
81 26 23 24 22 21 25 27 0
94 27 28 0
1 29 0
72 29 30 26 27 28 0
88 31 0
65 32 0
66 33 32 0
69 33 34 0
41 34 35 32 33 0
39 36 34 32 33 35 0
38 36 35 37 0
4 36 38 37 0
94 39 35 38 36 37 0
36 0
16 41 0
20 0
81 40 42 41 38 39 43 0
36 0
76 44 45 0
9 45 46 0
52 44 45 46 47 43 0
90 48 0
99 44 48 45 47 46 49 0
47 47 48 50 49 46 0
59 51 49 47 50 48 0
60 52 51 0
9 51 53 49 52 50 0
44 53 52 54 0
33 0
92 56 55 0
8 57 0
50 53 55 54 52 58 56 57 0
8 55 56 54 59 57 58 0
62 59 60 0
22 61 0
77 60 57 59 62 61 56 58 0
78 63 62 61 0
13 64 59 58 60 62 61 63 0
39 62 65 63 64 0
13 65 66 63 64 0
25 67 0
43 0
44 65 68 66 67 69 0
77 69 68 67 70 65 66 0
97 68 69 70 71 0
30 72 70 71 0
18 72 73 0
82 74 0
42 73 72 75 74 0
42 76 0
97 76 75 74 73 72 77 0
13 76 73 78 77 75 74 0
53 77 79 78 76 74 75 0
88 79 76 75 77 80 78 0
58 80 79 81 0
40 81 82 79 80 78 76 77 0
40 81 82 83 80 0
7 82 83 80 84 81 0
47 85 0
87 0
52 86 87 85 0
41 87 84 86 83 82 85 88 0
40 89 87 88 86 0
77 88 86 90 85 87 89 0
61 88 90 87 89 91 86 85 0
4 89 92 90 91 0
93 91 93 92 90 0
83 0
87 92 93 89 90 95 94 91 0
37 0
96
58 93 94 95 96 92 0
14 94 96 95 1 93 92 0
23 2 0
85 3 0
13 4 3 0
10 4 5 0
58 2 4 3 6 1 5 0
8 4 3 5 7 6 0
87 5 8 6 7 0
10 7 4 8 3 5 9 6 0
76 10 9 0
47 11 0
99 11 10 9 12 7 5 8 6 0
56 13 12 0
36 14 0
67 13 14 15 0
48 15 16 0
77 16 17 0
62 18 16 17 0
9 15 14 19 16 17 13 18 0
75 0
58 0
11 22 21 0
15 20 21 23 18 22 19 0
70 23 24 0
61 25 24 0
63 26 25 0
28 25 27 26 0
27 26 23 25 24 28 27 0
76 28 26 25 27 29 0
55 30 0
58 31 0
78 0
44 30 32 31 29 33 0
42 33 30 34 32 31 0
81 31 33 32 35 34 0
40 36 35 0
82 37 0
36 36 38 33 34 35 37 32 0
43 35 36 34 37 39 38 0
65 39 40 38 0
77 41 40 0
92 38 39 40 42 37 41 0
37 38 39 40 41 42 43 0
95 39 43 44 42 40 41 0
3 45 0
80 45 46 0
11 46 45 44 47 0
77 48 46 45 47 0
70 49 48 0
57 50 48 49 0
4 47 50 48 49 51 0
74 51 52 0
67 53 0
21 0
6 49 48 53 55 52 51 54 50 0
26 56 0
25 56 55 54 57 0
73 58 57 0
59 58 56 57 55 59 54 0
40 0
20 0
93 61 62 60 59 58 0
20 0
24 0
85 65 0
91 62 64 63 65 66 0
10 0
88 67 66 68 0
79 69 68 66 67 65 0
61 70 67 69 68 0
18 71 0
9 72 71 70 0
37 69 73 70 71 72 68 0
75 74 0
19 75 0
82 74 75 73 71 72 76 0
2 72 71 73 77 76 75 74 0
57 78 77 0
94 76 77 79 78 0
95 80 79 78 0
77 80 81 0
86 76 80 82 79 77 78 81 0
19 79 82 78 77 80 81 83 0
24 81 80 84 82 83 0
60 84 85 0
89 84 86 85 0
13 87 0
73 88 0
15 86 87 88 89 85 0
69 88 87 90 89 0
44 0
95 91 88 90 92 87 89 0
41 92 93 0
82 93 94 92 91 0
17 92 94 90 89 93 95 91 0
24
86 22 23 24 0
13 1 24 0
69 23 2 22 21 1 24 0
88 3 1 2 0
20 3 24 2 4 1 0
81 5 24 2 23 1 3 4 0
90 5 4 3 2 6 0
99 5 7 3 1 6 2 4 0
39 7 8 0
52 8 9 0
31 9 7 10 6 8 0
27 11 0
22 11 10 9 12 8 0
13 13 0
89 14 13 0
14 15 0
59 16 15 14 0
13 11 17 15 12 16 13 14 0
74 16 13 18 14 12 15 17 0
81 18 17 16 19 15 0
98 20 19 0
62 19 21 20 0
90 21 22 0
75 23 0
100
8 100 96 99 95 98 97 0
37 0
33 2 99 100 1 98 97 0
23 2 1 98 99 97 3 100 0
59 0
87 4 5 3 100 1 2 0
84 3 4 5 2 1 6 0
79 7 6 5 0
63 8 7 4 3 6 5 0
8 9 0
90 7 10 8 9 6 0
48 10 9 11 0
20 9 11 10 12 8 0
10 12 13 11 0
25 11 12 14 13 0
68 14 5 8 12 9 7 11 10 15 6 13 0
87 11 16 12 10 13 15 14 0
75 17 16 12 14 13 15 11 0
5 13 16 14 17 15 18 0
16 18 17 13 16 15 14 19 0
77 19 20 0
30 19 20 21 0
79 22 18 21 20 19 0
6 22 23 0
42 23 24 22 0
13 25 0
83 22 26 23 24 21 25 20 0
90 24 23 25 26 27 0
38 22 27 26 25 23 28 24 0
29 29 24 27 28 25 26 0
80 26 24 30 25 29 27 28 0
72 31 0
67 29 27 30 28 32 31 26 0
5 29 33 27 32 31 30 28 0
45 34 31 33 30 32 0
89 34 35 0
62 35 34 36 0
17 0
61 35 33 34 36 37 38 0
33 0
85 40 39 38 0
97 40 39 41 0
12 41 42 0
70 40 43 38 41 42 39 0
90 44 0
81 44 41 40 45 43 42 0
100 46 0
29 41 45 43 42 47 44 46 0
88 47 43 46 45 44 48 0
26 48 49 0
35 48 49 50 0
40 45 46 47 51 48 50 49 0
64 51 47 49 50 48 52 0
82 49 52 51 53 50 48 0
84 53 54 0
36 53 55 50 54 51 52 0
37 55 53 52 54 56 51 0
72 55 56 57 54 0
96 57 58 56 55 0
39 59 55 57 58 56 0
23 59 58 57 56 55 60 0
77 56 61 58 60 55 59 57 0
48 0
71 60 57 59 58 63 62 61 0
39 64 63 61 60 59 62 0
29 64 65 0
13 0
89 67 65 66 64 0
16 68 67 0
13 67 68 69 0
55 67 70 68 66 69 65 0
22 70 71 0
91 71 72 0
78 73 71 72 0
54 0
44 74 72 75 73 0
10 76 0
45 75 76 73 74 77 0
79 74 77 75 76 78 0
89 78 75 74 77 79 73 76 0
51 80 76 79 75 78 74 77 0
93 78 81 79 76 80 77 0
33 80 81 82 0
33 81 83 82 0
1 84 83 0
92 0
93 82 86 81 84 85 83 0
58 87 84 85 83 82 86 0
52 88 86 87 84 85 0
92 87 88 89 86 85 0
24 89 90 88 0
60 0
63 90 91 86 87 88 89 92 0
100 0
44 92 91 93 94 90 0
77 90 94 89 92 93 95 91 0
7 87 89 92 95 86 91 93 96 88 94 90 0
18 95 96 94 97 0
77 97 98 0
96 0
268
89 262 263 265 264 266 268 267 0
84 267 268 1 0
91 0
86 0
4 268 1 3 2 4 0
27 3 4 2 1 268 5 0
21 5 6 4 0
50 6 7 0
74 0
100 8 9 0
89 8 10 9 0
76 0
43 0
57 13 0
18 11 14 12 10 13 0
11 15 14 0
18 13 15 14 16 12 11 0
2 15 17 16 0
82 14 16 18 15 17 13 0
78 19 0
58 19 15 16 17 20 18 0
99 20 21 19 0
56 20 21 19 18 17 22 16 0
32 23 0
8 0
43 25 22 21 23 24 0
49 25 24 22 23 26 0
56 23 26 24 22 25 27 0
85 27 26 28 0
93 25 29 26 27 28 0
2 0
75 30 28 29 27 31 0
95 32 31 30 29 28 0
58 0
59 0
85 31 35 30 33 32 34 0
72 36 33 35 34 0
7 35 37 36 34 33 0
89 38 0
95 34 38 39 35 37 36 0
95 38 39 40 0
28 36 40 38 35 37 39 41 0
31 40 41 39 42 0
37 43 0
38 44 0
23 42 45 41 44 40 43 0
34 40 46 42 44 45 43 41 0
43 46 45 47 41 44 43 42 0
57 47 48 46 0
30 46 47 45 44 48 49 0
28 45 49 46 50 47 48 0
51 46 45 50 51 49 48 47 0
42 52 51 0
51 53 50 51 52 0
12 52 53 54 51 50 0
10 52 54 53 55 0
93 55 56 0
16 56 57 0
84 58 55 57 54 56 0
72 0
64 59 58 60 0
44 61 58 57 60 59 0
35 61 60 57 59 62 58 0
100 60 62 59 61 63 0
21 61 63 62 64 60 59 0
35 64 61 62 63 60 65 0
92 66 65 0
2 66 67 0
53 68 64 66 67 65 0
49 67 69 68 66 65 0
5 68 70 67 69 0
2 71 70 69 0
47 72 0
81 73 0
52 74 73 72 0
56 69 73 75 72 71 70 74 0
70 72 73 75 76 74 71 0
54 73 75 74 77 76 0
3 77 78 76 0
10 77 78 75 79 76 0
9 78 79 80 0
47 80 78 79 81 0
40 81 82 0
1 81 79 80 83 82 78 0
71 0
30 83 85 84 0
75 86 85 82 83 81 84 0
36 87 0
43 88 0
23 89 84 86 83 85 88 87 0
35 90 0
90 89 90 88 91 0
18 92 91 90 0
25 93 0
99 91 92 90 94 88 89 93 0
92 94 95 92 93 0
58 92 94 95 96 93 0
34 0
43 98 96 95 97 94 0
52 93 96 94 99 98 97 95 0
69 95 98 100 99 96 97 0
1 0
73 102 0
41 103 101 102 100 0
2 101 100 102 104 98 103 99 0
77 105 0
21 104 105 106 0
74 106 107 105 104 0
17 102 108 104 103 105 106 107 0
54 107 109 106 108 0
39 0
29 106 109 111 107 110 108 0
48 0
32 0
3 114 113 112 0
17 109 114 112 113 111 110 115 0
16 0
48 0
2 117 118 116 0
29 119 117 118 0
41 0
12 121 117 118 120 119 116 0
78 122 121 0
36 118 121 122 119 120 123 117 0
2 119 124 123 120 121 122 0
32 120 119 123 121 117 116 125 122 118 124 0
38 124 125 126 0
28 124 127 125 126 0
74 128 0
100 128 129 126 127 0
65 130 0
19 127 129 131 130 125 126 128 0
55 130 132 127 129 128 131 0
20 133 131 132 130 0
81 132 133 134 131 0
80 0
56 134 135 133 136 0
76 137 136 132 134 135 133 0
1 138 137 135 133 132 134 136 0
82 138 134 135 137 136 139 0
94 137 140 139 138 0
27 141 140 0
21 139 142 140 141 0
66 139 140 141 142 143 0
90 142 143 144 0
81 0
80 146 143 145 144 0
70 147 0
53 148 146 147 0
77 147 143 146 145 144 148 149 0
34 150 0
79 149 150 151 0
17 149 147 148 152 150 151 0
58 148 150 153 151 147 152 149 0
4 0
52 152 155 154 151 153 150 0
3 154 156 155 0
93 151 152 155 153 157 156 154 0
53 157 158 0
1 0
93 160 156 157 159 155 158 0
17 159 161 158 160 157 0
11 0
13 158 162 160 161 159 163 0
9 160 161 163 162 164 0
89 165 163 164 0
40 161 163 162 164 165 166 0
23 166 167 162 165 164 163 161 0
70 0
9 166 168 165 169 164 167 0
54 165 170 167 164 168 166 169 0
58 170 171 0
97 171 170 168 169 172 0
51 173 0
19 174 173 0
18 175 171 170 172 174 173 0
25 174 173 172 175 176 0
48 177 176 0
51 178 177 0
18 178 179 176 175 177 0
92 178 179 180 0
84 178 179 177 176 180 181 0
43 0
16 183 181 180 179 182 0
33 0
62 182 184 183 180 185 181 0
95 185 181 184 182 186 183 0
7 186 185 184 187 0
85 185 187 188 184 186 0
63 0
42 187 188 189 190 0
86 189 190 188 191 0
99 192 0
55 0
70 0
63 192 194 193 195 0
23 196 0
17 197 196 0
21 198 195 197 196 0
72 194 198 196 197 195 199 0
86 199 198 200 0
10 0
72 202 201 0
1 202 201 203 0
85 200 204 201 199 203 202 0
23 200 201 203 205 202 199 204 0
36 205 206 0
62 207 206 0
64 0
39 0
57 210 0
15 211 210 0
76 0
12 211 213 212 0
87 212 213 214 0
88 214 215 213 0
57 214 213 215 212 211 216 210 0
16 217 0
13 214 215 216 217 213 218 212 0
99 217 218 211 215 216 212 219 213 214 0
73 215 218 220 216 219 217 0
71 0
21 221 220 218 219 222 0
15 0
34 224 223 0
50 222 225 224 221 223 0
42 225 223 226 224 0
73 226 227 0
8 228 0
3 225 227 224 226 223 229 228 0
28 228 226 224 230 229 227 225 0
87 227 230 229 231 228 0
43 230 231 229 232 0
71 0
65 232 233 234 231 0
11 235 0
67 0
27 237 234 231 235 233 232 236 0
77 0
32 0
99 0
77 0
62 241 242 237 238 240 239 0
27 0
23 243 240 241 242 244 0
18 245 242 244 241 243 240 0
89 244 243 246 242 245 241 0
55 0
72 245 243 246 247 248 244 0
31 249 248 0
28 0
41 249 250 251 0
14 252 251 249 250 0
50 248 249 252 253 251 250 0
72 251 254 252 253 0
74 0
32 253 255 256 254 252 251 0
64 257 253 252 255 254 256 251 0
31 258 257 255 256 0
79 256 258 254 257 259 255 0
50 260 259 0
24 259 260 261 0
43 258 260 262 259 261 0
85 261 260 258 262 257 263 259 0
20 264 259 262 258 260 263 261 0
39 265 261 262 259 263 260 264 0
94 264 265 261 262 260 263 266 0
32 0
231
15 228 226 231 229 227 230 0
85 1 0
83 229 228 1 2 230 231 0
86 3 230 224 227 2 231 226 228 225 1 229 0
47 4 0
69 1 231 230 4 3 2 5 0
49 6 4 5 0
15 7 0
20 8 5 4 6 7 3 0
92 4 9 8 3 5 6 7 0
42 10 0
61 9 6 10 7 11 8 0
68 9 10 11 8 7 12 0
78 10 13 12 11 0
99 12 11 14 10 13 0
99 0
61 16 15 14 0
30 15 17 11 14 13 16 12 0
38 0
14 13 16 14 15 19 17 18 0
10 15 16 17 19 18 20 14 0
4 21 0
43 21 22 0
96 23 0
48 21 24 23 20 22 19 0
53 22 25 21 23 24 20 0
55 26 0
3 21 26 27 23 22 24 25 0
68 28 0
18 26 22 21 29 27 28 24 23 25 0
88 28 27 29 30 0
93 31 30 29 0
13 32 30 31 0
23 29 33 30 32 31 0
38 33 31 34 32 0
70 35 31 33 34 32 0
68 31 35 30 33 32 34 36 0
40 36 37 35 33 34 0
84 0
81 39 0
70 37 38 39 40 0
31 41 39 38 40 36 37 0
13 39 38 42 40 41 0
89 43 39 38 41 40 37 42 0
99 42 43 41 44 0
17 45 39 41 42 43 44 40 0
45 43 42 41 46 44 45 0
96 47 0
62 48 0
16 0
60 47 44 48 50 49 45 46 0
41 51 47 50 49 46 48 0
72 47 49 50 51 52 48 0
97 51 52 49 53 50 0
26 0
93 54 53 52 51 55 0
24 53 51 56 50 55 52 54 0
51 57 0
49 56 53 54 55 58 57 0
57 58 59 0
19 60 57 56 58 59 55 0
64 61 59 60 0
3 62 61 60 0
20 63 0
84 64 0
26 65 0
52 64 66 65 63 0
13 67 66 65 0
48 68 67 66 65 64 0
87 68 67 66 69 0
71 70 65 66 64 68 69 67 0
94 69 68 67 71 70 0
81 71 72 70 68 67 69 0
97 72 73 0
94 74 0
59 72 73 71 70 74 75 0
37 72 73 70 76 74 71 75 0
16 77 76 75 0
31 76 75 77 78 0
99 79 78 77 0
84 80 78 79 0
6 0
73 81 80 82 0
44 82 81 83 0
52 81 84 80 83 82 0
82 83 82 80 81 85 84 0
68 84 85 83 86 82 0
6 87 86 0
40 83 86 85 87 88 84 0
97 88 87 83 84 85 89 86 0
81 90 89 88 0
28 90 91 0
64 0
82 86 92 91 85 88 93 90 89 87 0
88 93 94 0
60 0
69 95 90 93 96 91 92 94 0
7 97 0
34 0
43 95 99 97 94 96 98 0
92 100 98 99 0
93 0
1 101 102 98 100 99 0
64 103 99 98 101 100 102 0
33 104 102 103 0
23 104 103 102 105 0
58 102 106 101 103 100 104 105 0
30 104 101 106 105 103 107 102 0
12 108 0
66 108 104 105 109 106 107 103 0
100 110 0
97 110 108 111 109 0
44 112 0
77 113 111 112 110 109 0
61 108 112 110 113 114 109 111 0
96 115 113 112 111 114 0
48 115 114 113 112 116 0
19 117 113 112 114 115 116 0
83 117 114 118 115 116 113 0
54 117 115 116 118 119 0
61 114 116 115 120 118 119 117 0
93 0
13 117 120 119 118 121 122 0
74 123 122 120 119 118 121 0
38 124 0
79 123 124 125 0
61 122 125 123 124 126 0
41 123 127 124 126 125 0
66 127 125 128 126 0
88 129 128 127 126 0
41 124 129 130 125 126 128 127 0
80 129 130 131 0
55 132 130 129 131 128 0
43 0
2 132 134 133 131 0
33 135 134 133 0
62 135 132 134 131 136 130 133 0
17 0
2 137 136 138 0
89 139 138 137 0
49 135 140 137 136 134 139 138 0
80 0
25 140 142 141 139 0
92 143 0
35 141 142 140 144 143 0
50 144 145 143 0
26 143 141 144 146 145 142 0
54 0
11 146 148 145 147 0
73 0
36 147 146 149 145 148 150 0
68 0
30 148 149 150 151 152 0
18 0
41 151 154 152 149 150 153 0
78 155 153 151 152 154 0
90 154 155 152 156 153 0
56 154 156 155 157 0
20 158 0
16 159 158 0
77 157 159 158 160 0
92 153 161 157 156 155 158 160 159 154 0
32 159 158 161 157 160 162 0
46 163 157 159 162 161 160 158 0
21 162 164 163 0
68 164 165 0
58 161 165 160 164 162 163 166 0
71 164 166 167 165 0
51 168 167 166 0
36 0
77 169 170 165 166 168 167 0
67 171 170 168 169 0
22 171 172 170 0
2 172 171 173 0
94 173 174 172 0
64 0
37 175 174 176 0
26 0
92 173 178 177 174 175 176 0
70 176 178 177 179 0
36 179 178 180 177 174 175 176 0
97 181 178 179 177 176 180 0
66 178 179 177 176 182 181 180 175 0
64 182 181 180 183 0
42 184 182 183 0
2 185 0
73 0
46 184 187 185 186 183 182 0
40 187 184 188 185 186 0
34 189 0
31 189 190 0
100 191 190 0
21 191 192 0
3 193 192 191 0
76 191 193 190 194 192 0
100 195 0
56 193 194 195 196 192 0
1 197 0
84 198 0
31 197 199 195 196 198 0
99 0
83 201 200 199 0
21 201 202 200 0
76 203 0
83 204 203 0
50 205 0
49 205 204 206 0
90 0
91 0
35 209 207 208 0
9 0
74 211 210 209 0
76 212 0
29 211 212 213 0
82 214 213 0
81 215 214 212 213 0
61 216 215 214 0
27 214 215 216 217 0
10 216 217 214 218 215 0
67 218 219 217 0
88 0
2 220 215 217 216 218 221 219 0
27 0
52 222 221 223 0
20 224 223 222 220 221 219 0
98 0
47 226 0
6 227 0
49 227 228 225 224 226 0
67 229 224 228 227 226 225 0
76 227 228 230 229 226 225 0
476
20 476 0
68 1 475 476 0
80 476 474 475 1 2 0
47 0
38 0
91 3 4 5 0
60 6 5 4 3 0
74 6 7 4 3 5 1 2 0
97 475 474 1 3 7 476 2 5 6 8 4 0
14 9 8 0
76 9 10 0
41 7 5 11 10 8 6 9 0
21 12 11 0
23 13 0
34 14 0
61 15 11 9 13 12 10 14 0
96 16 15 14 0
38 14 15 16 13 17 0
57 17 16 18 15 0
56 18 19 0
66 20 19 18 17 0
16 0
96 22 21 0
42 19 18 22 20 21 17 23 0
90 21 22 24 23 20 0
74 25 24 23 0
3 25 23 24 20 21 22 26 0
54 24 25 22 23 26 27 0
91 28 0
10 24 29 26 23 25 27 28 0
62 30 27 29 26 25 28 0
20 31 30 29 0
32 31 27 29 30 28 32 0
32 31 33 32 30 0
11 34 29 32 30 33 31 0
69 29 31 33 34 30 32 35 0
79 36 35 34 0
33 36 37 35 34 0
25 38 0
41 36 38 37 39 0
71 37 38 36 39 40 0
48 41 40 39 38 37 0
16 39 38 42 40 41 0
59 40 41 42 38 43 39 37 0
33 0
78 44 45 0
84 40 45 43 41 44 46 42 0
44 44 47 43 45 46 42 0
18 47 48 0
64 47 48 49 46 0
19 50 48 49 0
88 51 0
95 52 51 0
25 48 53 51 47 52 49 50 0
10 54 50 53 51 52 0
64 51 53 55 50 52 54 0
82 0
23 57 0
67 55 54 57 58 53 52 56 0
20 57 54 59 56 55 58 53 0
28 60 0
23 61 0
92 62 0
36 63 62 0
12 64 0
62 65 64 0
5 66 0
64 64 63 67 66 65 62 0
54 0
83 0
99 68 69 70 65 66 67 0
85 71 69 70 0
100 72 0
22 0
67 70 73 72 74 71 0
38 75 71 73 74 72 70 0
50 73 76 71 72 75 74 0
82 77 76 0
83 77 78 0
71 79 78 77 0
22 80 78 76 79 75 77 0
28 81 76 80 79 77 75 78 0
16 80 82 81 79 0
64 83 0
24 84 0
4 83 85 84 0
43 86 85 0
28 0
95 0
70 88 89 87 0
40 89 90 0
11 90 91 89 0
32 92 0
38 93 92 0
62 94 93 0
68 0
31 0
21 96 95 92 91 90 94 89 97 93 0
80 97 96 95 98 0
31 99 0
77 100 98 97 99 0
31 97 100 96 99 98 95 101 0
24 102 0
24 102 103 101 0
41 104 0
77 105 102 103 104 0
68 0
6 0
76 108 107 0
12 109 102 107 104 106 108 103 105 0
20 110 109 0
91 109 110 111 0
4 0
62 113 0
97 113 111 110 112 114 0
37 115 113 114 112 111 0
54 114 116 115 0
6 117 116 0
16 118 116 117 115 0
9 117 118 119 0
71 119 120 0
86 119 121 120 118 0
72 122 120 121 0
21 123 122 121 0
67 0
88 125 0
91 126 0
76 127 126 125 0
9 128 125 126 127 124 123 0
31 129 0
96 124 128 125 127 130 129 126 0
72 129 131 128 130 0
53 128 130 131 129 132 0
94 132 133 131 0
88 133 130 132 131 129 134 0
10 133 132 134 135 0
16 136 132 135 134 131 133 0
20 0
24 137 138 0
6 139 137 138 134 135 136 133 0
34 0
34 138 141 139 140 137 0
96 140 138 142 139 137 141 0
93 141 142 143 0
38 142 144 141 143 0
29 0
49 145 143 142 144 146 141 0
7 147 0
35 145 143 146 144 148 147 0
21 0
13 149 146 150 148 147 0
12 0
93 150 151 152 0
96 153 152 151 0
71 154 152 149 150 153 151 0
80 152 155 154 153 0
78 0
64 154 157 155 152 156 153 0
60 157 156 158 0
17 159 0
40 160 158 159 0
46 161 159 158 160 0
11 0
36 162 163 0
39 163 162 164 0
9 165 162 163 164 0
70 164 165 163 161 162 166 0
86 0
9 168 0
83 168 169 167 0
89 167 166 169 168 165 170 0
48 170 166 169 167 171 168 0
20 171 169 172 170 0
60 172 171 173 0
71 172 173 174 0
45 173 172 171 170 175 174 0
50 176 174 175 0
5 174 176 177 175 0
89 177 176 178 0
34 0
72 177 178 176 179 180 0
15 178 177 181 179 180 0
16 182 180 181 0
36 181 182 183 179 180 178 0
27 180 183 182 184 181 179 0
100 183 182 185 184 181 0
76 186 185 184 0
6 181 183 186 182 187 185 184 0
25 186 187 188 0
66 188 185 186 189 187 0
70 190 189 0
1 0
32 192 0
10 191 192 193 0
47 192 193 191 194 0
88 192 193 195 194 0
64 196 195 0
57 196 195 197 0
15 198 0
86 197 199 198 0
37 200 0
25 199 200 201 0
100 0
78 0
59 204 202 203 0
20 204 203 205 202 201 0
67 202 203 204 206 205 0
6 206 205 207 0
13 204 202 207 206 205 203 208 0
55 207 209 206 205 208 0
97 210 0
88 211 210 209 0
30 208 207 209 210 206 211 212 0
58 213 211 212 0
12 213 214 212 0
54 215 214 0
32 0
72 217 0
99 214 218 216 213 215 217 0
19 219 218 0
87 219 220 0
87 221 0
89 217 220 218 222 221 219 0
44 220 223 222 221 219 0
27 224 222 221 223 220 219 0
58 0
42 226 224 225 0
3 223 224 225 226 227 0
59 226 227 228 224 225 0
15 227 228 226 225 229 0
90 228 230 229 0
56 231 227 229 228 230 0
12 231 232 230 0
28 233 232 231 230 0
56 234 229 232 233 231 230 0
91 235 0
96 232 236 233 235 231 234 0
67 236 237 0
57 237 238 236 0
57 239 238 236 237 0
97 240 239 238 0
72 236 237 241 239 235 238 240 0
5 242 239 241 240 0
11 241 239 243 240 242 0
77 244 241 243 242 240 239 0
56 0
55 246 244 243 245 242 0
2 245 247 246 0
86 0
20 247 248 246 249 245 0
34 250 249 0
47 250 251 249 0
71 249 252 250 251 248 247 0
14 252 253 0
98 252 253 248 250 244 254 247 251 245 246 249 0
7 255 253 254 0
92 253 256 254 255 0
94 253 252 254 248 255 251 249 257 250 256 0
69 0
1 256 257 259 258 0
43 256 260 255 254 259 257 258 0
96 0
1 262 260 259 261 0
62 260 259 258 257 261 262 263 0
11 263 260 261 262 264 0
21 261 263 260 265 259 262 264 0
59 263 266 265 264 0
99 265 266 264 267 0
44 263 264 268 266 267 262 265 0
8 0
6 268 269 270 267 0
93 268 271 270 269 0
75 269 270 271 268 267 272 0
45 273 0
59 271 272 270 269 273 274 0
23 274 275 0
38 274 275 273 272 276 0
40 276 277 275 0
31 278 0
47 279 278 0
53 279 278 277 276 280 0
67 281 0
57 282 280 281 0
7 0
35 284 282 283 0
55 285 0
69 286 0
27 285 286 287 284 0
46 286 287 288 284 285 0
70 289 0
12 290 0
5 291 287 290 289 288 0
9 288 289 290 291 292 0
18 292 293 290 291 0
71 294 293 0
54 294 295 293 0
89 296 295 294 293 0
57 297 295 296 0
76 295 296 297 298 0
3 298 296 299 295 294 297 0
44 0
74 301 298 296 295 300 297 299 0
18 302 300 301 0
47 303 300 302 301 0
58 0
72 304 305 0
6 304 305 306 0
19 306 307 0
87 307 305 306 308 0
43 304 305 309 306 308 307 0
20 308 306 310 307 309 305 304 0
78 309 308 306 307 310 311 0
61 312 0
55 310 312 313 311 308 307 309 0
9 310 309 312 314 308 311 313 0
43 312 314 313 315 0
64 316 312 315 313 314 0
83 312 315 313 311 316 317 314 0
28 317 316 315 318 314 0
22 316 317 318 314 319 315 313 0
77 320 0
2 0
23 0
71 323 320 319 321 322 0
74 323 324 322 0
64 322 324 325 323 0
32 326 325 0
11 325 322 324 321 326 323 327 0
19 327 328 0
2 329 0
73 0
16 326 328 329 330 327 331 0
72 328 331 332 330 329 0
2 333 0
64 333 331 332 334 0
41 335 333 331 334 332 0
44 332 335 333 336 334 0
58 337 0
23 333 337 336 335 334 338 0
5 339 338 337 0
33 339 338 334 336 335 340 337 0
97 341 0
24 342 0
16 343 0
72 344 342 343 0
51 344 345 0
42 344 345 343 346 0
93 344 345 346 347 0
12 347 346 348 0
51 348 346 347 349 0
56 349 350 347 348 0
25 348 351 349 350 347 0
77 351 352 0
82 353 351 352 0
33 0
93 354 355 0
53 0
45 355 351 354 352 357 353 356 0
91 357 353 354 358 355 352 356 0
65 358 354 357 353 356 359 355 0
91 357 358 359 360 0
88 361 360 359 0
50 362 0
26 361 362 363 360 0
34 364 363 0
6 365 0
99 365 364 366 0
3 365 363 364 367 366 0
20 367 366 362 364 368 365 363 0
98 368 367 364 366 369 365 0
86 370 369 0
58 371 0
57 372 0
84 369 373 372 370 371 0
31 374 372 373 371 370 0
16 370 375 372 371 373 374 0
93 373 368 376 370 369 372 375 374 371 0
17 377 376 373 375 374 0
14 378 373 375 376 374 377 0
21 375 378 376 379 377 373 374 0
14 380 378 377 379 0
7 381 377 380 379 378 0
82 377 380 379 382 381 378 0
38 383 380 381 382 0
13 384 383 381 382 0
76 384 385 383 0
37 386 0
78 387 0
8 387 386 388 0
46 389 0
85 390 0
64 390 386 387 388 385 389 391 0
49 392 390 388 387 391 389 0
76 0
34 392 391 393 394 0
96 0
42 396 392 391 393 395 394 0
38 395 393 396 397 394 0
66 396 397 398 0
70 397 398 399 395 396 0
86 398 400 399 397 0
15 401 398 400 399 0
51 401 399 397 400 398 402 0
77 400 401 403 402 0
22 402 401 399 400 403 404 0
85 404 405 0
12 0
9 403 405 402 406 404 401 407 0
54 407 406 408 0
96 409 0
4 408 410 409 0
60 409 408 410 411 0
2 408 409 410 407 412 411 0
43 411 412 407 410 413 409 408 0
32 414 410 411 413 412 0
72 411 413 410 415 414 409 412 0
96 0
13 417 416 415 0
10 418 415 414 416 413 417 412 0
25 0
79 419 418 420 417 416 0
72 421 0
22 422 420 419 421 0
96 423 421 422 0
16 424 423 0
73 0
31 424 425 426 0
16 427 0
58 0
15 423 424 427 428 426 429 425 0
16 428 425 429 426 430 424 427 0
23 428 429 430 431 0
1 0
73 433 431 432 0
76 429 431 434 433 430 428 432 0
31 431 430 435 433 434 432 429 0
66 436 0
50 0
56 438 435 437 434 436 433 0
61 439 438 437 436 0
4 440 439 0
84 440 441 0
49 441 439 438 442 440 0
3 442 443 0
4 442 441 444 443 440 0
39 440 442 444 443 441 439 445 0
98 440 443 446 442 441 444 445 0
84 445 444 446 447 0
68 442 444 445 448 443 446 447 0
27 446 449 447 448 0
19 448 445 449 447 446 450 0
64 0
18 0
96 453 450 451 452 0
40 454 0
45 0
3 456 454 455 0
60 454 456 455 453 457 0
38 457 458 0
34 0
28 460 459 455 457 456 458 0
47 456 457 458 459 460 461 0
28 461 460 462 0
72 463 0
89 462 464 463 461 0
94 0
21 466 464 463 465 0
77 465 463 467 461 462 464 466 0
7 466 467 468 0
4 469 466 468 467 0
97 470 466 469 468 467 0
60 0
16 468 467 471 470 472 469 0
56 473 0
60 474 473 0
51 474 475 0
247
11 247 245 244 246 0
20 246 1 247 0
88 247 246 2 1 245 0
35 3 1 2 246 247 0
78 4 0
66 4 5 3 0
68 5 6 0
54 7 0
50 8 0
70 9 0
81 0
33 11 8 10 7 9 0
85 12 11 10 9 0
94 13 10 9 12 11 7 8 0
48 14 0
21 15 12 10 11 13 14 0
33 16 12 13 15 14 0
26 13 14 16 17 15 0
91 18 0
18 19 0
64 20 0
90 20 17 21 19 18 0
65 0
31 23 0
91 21 19 22 24 23 20 0
7 22 25 23 21 24 0
64 20 22 24 25 21 26 23 0
52 24 26 25 27 0
55 23 28 25 27 24 26 0
28 27 26 29 25 28 0
83 30 28 29 27 0
46 0
56 28 31 32 27 30 29 0
15 32 30 29 31 33 0
6 34 0
37 35 34 33 0
73 0
6 35 36 37 33 34 32 0
71 30 31 33 34 32 37 36 29 38 35 0
98 35 37 36 39 34 38 33 0
100 37 40 35 36 32 31 33 39 34 30 38 0
68 35 41 37 38 36 40 39 0
42 42 41 0
65 40 39 38 42 43 41 0
88 43 42 39 40 44 41 0
79 42 44 43 45 0
86 46 44 45 41 42 43 0
72 47 46 0
31 48 47 45 46 0
55 46 45 47 49 48 0
68 50 48 49 0
54 0
66 47 52 50 49 51 48 0
10 53 51 52 0
22 54 53 52 0
67 55 52 51 50 53 54 0
37 55 54 56 53 0
50 57 0
85 58 57 56 0
81 59 57 56 58 55 0
55 60 59 0
59 60 57 58 61 59 0
29 60 61 62 59 0
23 63 62 61 60 0
25 64 63 62 0
54 65 64 0
94 66 65 0
59 63 64 62 66 65 61 67 0
49 68 67 66 65 0
53 69 67 68 0
78 70 64 66 65 67 68 69 0
13 70 69 71 0
17 67 71 68 72 69 70 0
81 72 71 70 73 0
43 74 71 73 72 70 0
71 0
4 0
92 77 76 0
83 78 0
73 79 78 0
28 0
96 81 76 78 77 79 80 0
55 82 80 79 81 0
46 78 81 80 79 83 82 0
73 82 81 80 84 79 83 0
58 84 85 83 0
60 85 86 0
75 84 85 86 87 0
22 86 87 85 88 82 84 83 0
85 86 85 84 88 89 87 83 0
16 89 88 86 87 90 0
45 91 88 89 90 0
85 90 89 91 92 88 0
19 93 90 92 88 89 91 0
71 0
92 95 90 93 91 89 92 94 0
50 92 95 96 94 93 0
21 93 97 94 95 96 0
56 93 92 97 98 95 96 94 0
54 98 95 94 99 96 93 97 0
87 95 100 97 99 98 96 0
99 100 101 0
31 102 101 0
56 103 101 100 102 99 98 97 0
63 104 102 101 100 103 0
57 104 103 105 0
88 104 106 103 105 0
5 102 103 107 106 104 105 0
1 105 106 108 107 0
23 107 108 109 0
43 108 106 110 109 105 107 0
56 110 108 111 109 107 0
95 0
17 113 112 0
88 114 0
16 112 110 115 114 113 111 0
37 116 0
8 117 0
36 118 116 117 0
94 119 118 0
76 120 119 118 0
84 119 121 120 118 0
56 120 121 118 116 117 122 119 0
52 122 119 121 120 123 0
85 124 0
69 123 125 124 0
95 126 125 124 0
3 127 125 124 126 0
30 0
28 129 0
33 130 128 125 126 127 129 0
66 0
59 126 129 130 128 132 131 127 0
64 133 0
87 132 131 134 133 0
50 135 133 132 134 0
38 136 0
88 135 137 130 128 129 132 136 133 131 134 0
62 138 137 135 133 132 134 136 0
7 137 136 135 138 134 139 0
23 0
73 0
27 139 141 142 140 0
44 140 138 141 143 142 139 0
56 142 144 139 141 143 140 0
44 141 140 143 142 144 145 0
95 146 0
33 147 0
35 148 146 144 145 147 0
76 146 145 147 148 149 0
3 150 0
85 150 148 151 149 0
27 0
66 152 149 151 148 153 150 0
97 152 153 149 154 151 150 0
31 155 0
2 152 153 156 154 155 0
98 157 156 0
20 158 157 0
63 154 157 158 155 159 156 0
97 158 157 156 155 159 160 0
43 159 160 161 0
38 162 0
41 162 163 158 160 161 157 159 0
99 0
31 160 162 165 161 164 163 0
69 164 163 166 165 162 0
74 167 166 0
55 164 167 168 166 165 0
52 169 165 164 167 168 166 0
74 170 169 168 0
83 171 170 0
73 172 170 168 169 171 167 0
83 172 173 0
8 172 173 171 174 0
68 172 174 170 173 171 175 0
89 176 175 0
90 177 0
17 173 176 174 172 177 175 178 0
16 179 178 0
16 178 179 177 175 176 180 0
80 180 179 181 0
31 182 0
7 182 183 0
67 0
21 185 184 181 182 183 0
72 185 182 181 183 186 184 0
8 186 187 0
74 188 187 0
87 186 185 184 188 187 189 183 0
55 190 0
12 191 187 186 189 188 190 0
79 189 187 190 188 191 192 0
55 188 187 189 190 192 193 191 0
79 194 192 193 0
39 194 195 0
99 192 193 195 194 196 0
38 197 196 195 192 193 191 194 0
28 197 198 0
100 197 198 199 0
94 199 200 0
77 201 200 199 0
52 198 201 202 199 200 196 197 0
89 0
63 204 203 202 0
7 205 204 0
54 206 0
17 203 204 206 205 207 0
52 208 0
65 0
57 210 209 0
21 208 207 210 209 211 0
21 211 212 0
77 211 207 208 209 212 213 210 0
97 211 213 212 214 0
97 215 214 0
24 216 215 214 0
30 214 216 217 215 213 0
77 217 218 0
59 219 217 218 0
16 219 220 218 217 0
69 221 218 219 217 220 0
6 221 222 0
48 221 222 220 223 0
11 224 219 220 223 222 221 0
47 225 223 224 221 220 219 222 0
49 226 223 224 225 0
52 223 226 224 227 225 0
9 228 227 226 225 0
71 226 228 224 225 229 227 0
5 229 230 0
49 228 229 227 230 226 231 0
79 229 232 230 231 0
82 233 0
100 233 234 0
64 233 232 235 234 0
36 234 236 235 0
42 0
44 236 237 238 0
15 238 237 239 0
84 240 0
58 241 240 0
98 240 241 242 0
36 241 239 243 240 242 0
98 0
55 245 244 243 0
78 244 243 245 246 0
305
57 304 303 300 301 305 302 0
1 1 305 0
6 0
35 305 3 1 2 0
80 0
36 3 1 2 5 4 0
11 5 3 6 4 1 2 305 0
74 7 6 4 5 0
97 0
35 9 8 0
46 5 9 10 6 8 7 0
17 10 11 9 0
16 12 11 0
29 13 0
68 14 0
25 15 0
5 15 16 0
9 17 14 16 15 0
86 18 17 16 0
38 17 15 18 16 19 0
90 14 18 20 16 19 15 17 0
17 0
44 22 0
27 19 20 22 18 23 21 0
35 23 20 22 24 21 0
87 25 23 24 0
33 0
89 25 27 23 26 22 24 0
60 25 27 24 23 28 26 0
89 28 26 29 23 25 24 27 0
37 26 28 27 30 29 25 0
53 31 0
47 32 0
76 33 31 32 0
57 33 34 0
81 33 35 34 0
29 34 33 32 36 35 0
36 36 37 0
90 0
3 0
84 40 39 37 38 36 0
71 39 38 40 41 0
53 0
40 40 42 43 39 41 0
26 43 40 44 39 42 41 0
44 43 44 45 42 41 0
99 45 46 0
81 42 43 47 45 44 46 0
11 46 48 47 0
60 48 49 0
5 50 0
76 47 48 51 46 49 50 0
88 49 50 52 51 0
39 51 53 50 49 52 0
27 51 53 54 50 52 0
77 54 55 53 0
82 56 54 55 53 0
87 55 57 56 0
59 55 58 57 56 0
79 57 59 56 58 0
99 60 58 57 56 59 54 55 0
39 60 61 0
80 61 58 59 62 60 56 57 0
10 63 60 61 62 0
82 64 63 62 60 61 0
35 62 63 65 64 0
64 66 65 64 63 0
77 0
11 68 65 66 64 67 0
37 65 68 67 66 69 64 0
7 69 70 0
95 71 70 0
2 71 72 0
53 72 69 70 73 71 0
59 72 73 74 0
26 72 73 75 71 74 0
13 76 0
38 71 74 75 72 77 73 76 0
49 78 0
9 78 79 0
80 80 78 79 77 0
88 0
36 82 81 0
24 83 82 80 81 79 0
45 84 0
48 85 0
27 86 83 84 85 0
47 87 0
21 82 84 79 85 88 87 83 81 80 86 0
52 0
33 0
93 87 90 91 89 88 0
99 92 91 0
15 92 90 89 91 93 0
15 93 94 0
94 94 92 95 93 0
29 93 92 94 96 95 0
87 97 0
45 0
98 98 96 99 97 0
69 99 95 98 100 97 96 94 0
80 0
6 100 99 101 102 0
36 102 99 98 103 101 100 0
56 104 0
26 105 0
62 103 105 102 101 100 104 106 0
62 105 106 107 104 0
35 108 107 0
31 109 0
83 108 107 109 106 110 0
34 106 108 110 109 107 105 111 0
68 0
66 111 113 110 112 109 0
27 113 114 0
74 115 110 105 114 111 109 112 113 108 107 106 0
5 0
29 115 117 116 0
73 117 115 114 113 116 118 0
84 0
83 0
21 0
65 122 119 121 120 0
50 122 123 0
63 124 120 121 119 122 123 0
24 122 121 125 123 124 0
96 126 125 123 124 0
62 127 125 126 0
60 123 127 122 128 126 125 124 0
32 123 128 127 125 126 129 124 0
49 126 130 127 128 129 0
21 129 130 131 128 0
7 131 132 0
55 129 133 130 127 131 128 132 0
60 134 0
2 134 135 0
21 135 136 134 0
29 137 135 136 0
37 0
97 139 0
57 139 138 140 0
74 140 139 141 0
99 139 140 138 141 137 142 0
21 143 0
32 138 143 139 140 141 144 142 0
4 144 145 143 0
83 146 145 143 144 0
79 147 0
40 0
77 149 148 147 0
58 150 149 145 148 144 147 146 0
82 151 150 0
68 152 146 150 148 149 147 151 0
72 151 153 152 150 0
27 0
3 151 147 154 149 155 153 148 150 152 0
18 154 156 155 153 0
49 157 0
75 153 158 157 154 152 156 155 0
49 0
75 0
74 159 160 161 158 0
18 162 161 160 0
24 162 161 160 163 0
47 162 164 161 158 163 160 159 0
17 163 164 162 165 0
85 0
47 167 0
16 166 165 167 168 0
93 169 166 164 168 167 165 0
83 0
20 171 168 169 170 0
77 172 0
44 173 171 172 0
66 174 171 173 170 172 0
82 175 172 174 169 173 170 171 0
5 176 0
67 172 176 177 174 175 173 0
43 178 177 176 0
45 173 171 174 179 172 175 176 177 178 0
34 180 0
83 179 181 178 180 177 0
69 181 182 0
37 183 182 0
46 180 184 179 181 182 183 178 0
13 179 185 182 180 183 181 184 0
96 183 182 185 184 186 0
94 186 184 185 187 0
58 188 0
50 0
78 0
66 188 187 190 186 189 191 0
56 191 192 0
1 192 193 0
23 193 194 0
5 194 195 0
48 196 194 193 191 190 195 192 0
22 0
40 198 0
21 197 199 198 0
91 200 0
80 197 198 196 199 201 200 195 0
29 202 201 0
18 199 200 203 197 198 201 202 0
12 0
50 201 205 204 202 200 203 0
36 203 201 205 204 202 200 206 0
81 206 205 207 204 203 0
17 206 208 205 207 0
11 209 0
42 209 207 210 208 204 206 205 0
10 208 211 209 207 210 205 206 0
84 207 208 210 211 209 212 0
64 210 213 211 212 0
85 210 214 212 211 213 0
89 211 209 210 215 213 214 212 0
52 213 211 216 214 212 215 0
100 216 215 217 0
58 0
64 219 218 0
1 218 219 220 217 0
17 220 221 219 0
61 221 220 222 0
43 221 219 218 223 222 220 0
86 0
78 223 225 224 0
61 226 225 0
58 225 222 224 227 223 226 0
74 227 228 225 226 0
85 228 227 226 229 0
99 230 0
98 230 231 0
10 228 230 232 229 231 0
75 228 229 233 231 232 230 227 0
92 231 232 234 233 0
55 235 234 0
28 236 0
85 0
92 238 0
85 239 238 236 237 235 234 233 0
64 238 239 240 0
69 240 241 239 0
48 241 242 238 240 239 0
22 241 243 238 242 237 240 239 0
93 244 0
10 244 245 0
67 244 243 242 245 241 246 0
61 246 247 244 245 0
55 246 245 247 248 0
79 246 248 247 249 0
37 0
94 251 250 248 249 0
68 0
74 252 253 0
60 254 251 250 253 252 0
93 253 252 255 251 254 249 250 0
16 256 254 255 0
79 254 253 256 255 257 0
56 258 256 257 0
41 259 0
64 258 259 260 0
40 0
71 261 260 262 0
67 261 260 258 263 257 259 262 0
63 263 262 264 0
2 264 265 263 0
30 265 266 0
32 0
20 267 266 268 0
36 268 269 0
27 0
30 271 0
49 272 271 0
89 0
19 274 272 273 0
40 0
43 276 274 273 275 272 0
25 271 274 272 275 273 276 277 0
13 275 276 278 274 277 0
17 279 0
61 280 0
62 277 279 278 275 281 280 276 0
17 281 277 280 278 279 282 0
59 283 282 277 278 280 281 279 0
78 281 280 283 282 284 0
69 282 284 285 283 281 0
69 286 0
26 287 285 286 0
70 284 283 288 285 286 287 0
98 289 0
6 290 0
82 289 286 291 288 287 290 0
1 291 292 0
48 291 292 293 290 0
49 290 291 294 292 293 288 289 0
85 294 291 295 290 293 292 0
17 0
23 293 294 297 296 295 292 0
94 298 0
1 0
94 300 299 298 297 0
32 301 0
65 301 302 0
14 303 300 298 301 302 299 297 0
31 0
312
28 309 312 311 310 0
70 309 307 311 308 312 1 310 0
70 2 1 312 0
19 2 3 0
80 4 0
44 4 5 1 312 3 2 0
71 5 6 0
33 6 5 7 4 0
9 4 5 6 3 8 7 0
76 6 8 9 7 5 0
1 10 9 8 0
77 11 0
88 11 12 10 0
17 13 12 8 9 7 11 10 0
64 11 12 13 14 0
38 14 12 15 10 13 11 0
88 0
36 13 14 17 16 15 0
19 18 0
59 19 18 0
81 0
32 20 21 0
51 20 19 21 22 0
86 23 0
45 24 23 0
79 25 0
15 25 23 24 26 22 0
81 25 26 27 0
57 27 28 25 26 24 22 23 0
46 29 28 27 0
72 30 0
30 21 29 22 27 26 23 30 31 24 28 25 0
24 31 30 32 0
48 33 32 31 30 0
41 34 33 31 30 32 0
86 35 34 0
38 36 33 34 35 0
40 35 36 37 0
73 38 0
20 0
92 37 40 36 38 39 0
61 0
52 42 41 0
39 43 0
68 40 42 44 41 43 0
29 0
40 0
62 0
99 47 48 0
22 49 0
69 0
26 51 50 0
1 47 49 50 52 51 48 0
67 51 50 49 53 52 0
90 48 54 50 52 49 53 51 0
38 55 53 54 0
76 56 55 0
72 54 55 57 56 53 0
57 0
52 0
6 55 56 60 57 58 54 59 0
48 60 59 61 57 58 55 56 0
20 61 59 62 60 0
66 63 61 62 0
73 0
22 65 63 64 61 60 62 0
63 62 66 64 63 65 0
16 66 67 0
75 66 65 63 67 68 62 64 0
81 67 69 63 68 66 65 64 0
16 70 66 67 65 69 68 64 0
32 70 69 71 0
59 72 0
92 67 71 69 68 70 73 72 0
75 73 74 0
41 72 73 74 75 0
35 76 0
9 75 73 77 76 74 0
32 74 72 77 75 76 78 73 0
93 77 78 74 75 73 79 76 0
95 80 0
17 79 80 77 81 78 0
6 79 81 78 82 80 0
9 82 83 80 81 0
6 0
50 84 83 79 85 80 82 81 0
60 85 86 0
11 84 83 85 82 87 86 81 0
38 87 85 86 88 83 84 82 0
72 85 88 86 87 84 89 0
98 81 87 84 83 88 82 86 90 89 85 0
56 91 90 89 0
63 89 92 87 91 90 88 0
52 92 93 0
95 90 89 91 88 93 92 94 0
45 91 90 89 94 95 93 92 0
83 94 88 91 93 95 87 89 96 86 90 92 0
28 91 96 93 94 92 97 95 0
44 95 97 96 98 0
23 0
35 100 99 0
35 100 97 99 96 98 101 0
68 102 101 0
37 96 95 102 98 99 101 100 103 97 0
6 102 104 103 101 0
45 103 104 105 0
32 104 105 106 0
35 0
92 105 107 108 106 0
64 0
65 105 110 106 109 108 107 104 0
52 0
87 112 107 111 108 109 110 0
25 113 0
71 114 0
33 115 112 114 113 0
79 116 114 111 113 112 115 0
81 117 0
44 115 117 118 112 114 113 116 0
38 115 117 116 118 119 0
70 116 118 117 119 120 0
21 119 120 117 118 121 116 0
1 120 119 121 122 118 0
89 120 121 119 122 123 0
58 0
51 122 119 121 123 124 120 125 0
57 122 125 124 121 123 126 0
4 123 122 127 121 124 125 126 0
17 124 126 125 128 127 0
8 127 129 126 125 128 0
31 130 129 128 0
35 130 129 128 131 127 0
19 132 131 130 129 0
33 133 132 130 131 128 129 0
19 132 131 130 133 134 0
2 131 134 135 130 133 132 0
8 132 136 133 134 135 130 131 0
74 136 137 135 0
84 137 136 138 0
58 139 0
94 0
10 138 139 137 136 140 141 0
53 140 142 141 0
4 143 139 140 141 142 0
80 139 144 142 143 140 141 0
15 0
41 141 145 146 144 142 143 0
25 143 146 145 147 144 0
6 148 143 144 146 145 147 0
28 148 149 146 143 144 145 147 0
28 147 150 149 148 146 0
96 150 149 148 151 147 0
62 152 149 147 150 151 148 0
84 151 153 149 148 152 150 0
95 153 154 0
94 0
77 156 153 155 154 0
17 154 155 156 157 0
58 155 152 158 153 157 154 156 0
56 157 159 158 0
99 160 0
77 158 160 161 157 155 159 156 0
91 159 161 160 162 0
56 163 158 161 159 162 160 157 0
7 0
28 163 159 164 162 165 161 160 158 0
98 164 165 166 0
33 166 167 0
73 162 166 164 168 165 163 167 0
24 169 168 167 166 0
83 166 169 170 167 168 0
91 171 166 168 167 169 170 0
61 168 172 169 167 171 170 166 0
73 173 0
70 174 173 0
32 173 174 172 171 175 170 169 0
79 175 176 0
99 174 173 175 177 176 0
12 177 176 175 178 0
27 179 0
79 180 0
60 181 177 180 178 179 0
6 177 182 179 181 180 178 0
82 183 0
25 0
84 184 180 182 185 181 179 183 0
44 184 186 182 185 181 183 0
97 187 184 186 185 0
25 184 186 185 182 183 187 188 0
15 189 0
63 190 186 189 187 188 185 0
88 0
25 189 187 192 190 188 186 191 0
100 193 190 189 192 188 191 0
96 193 188 194 190 189 191 192 0
1 0
82 194 196 195 0
93 197 192 193 191 194 196 195 0
85 195 197 194 196 198 0
54 198 199 195 197 194 196 0
50 200 0
37 199 197 201 198 200 0
82 202 201 0
63 201 199 203 202 200 0
86 204 0
23 205 0
92 206 205 0
99 206 205 207 0
38 204 206 208 207 205 0
17 0
70 0
39 211 210 0
54 207 206 208 209 212 210 211 0
65 213 0
4 214 213 212 0
54 214 215 213 0
19 214 215 216 213 0
85 215 216 217 214 0
92 217 218 0
39 215 218 216 217 219 0
66 220 219 0
79 219 221 218 220 0
1 217 218 219 220 221 222 0
85 220 221 223 218 219 222 0
42 224 0
52 225 224 0
20 225 223 226 224 0
67 227 226 0
6 228 227 0
79 229 228 0
69 227 228 230 229 226 0
8 231 230 229 0
86 230 229 227 228 231 226 232 0
11 230 233 232 231 0
87 234 0
94 231 233 232 235 230 234 0
42 232 234 235 233 236 0
71 237 0
23 238 237 0
90 238 239 0
61 240 0
72 237 241 236 238 240 239 0
62 240 238 239 242 241 0
74 241 243 237 239 238 242 240 0
5 240 243 241 242 244 0
97 243 245 242 244 0
33 246 243 244 245 0
68 247 0
6 247 248 0
61 249 246 248 247 0
46 250 249 0
85 247 249 251 248 250 0
100 252 0
43 253 252 0
62 253 254 0
79 249 255 251 252 254 253 250 0
60 256 254 251 255 253 252 0
26 255 256 257 0
9 255 258 257 256 254 253 0
57 259 0
37 258 257 260 256 259 254 255 0
29 259 261 260 258 0
99 262 260 261 0
81 262 261 263 0
48 263 262 264 261 0
94 262 265 263 264 0
65 260 262 265 264 263 261 266 0
52 264 267 266 263 261 265 262 0
5 267 268 0
63 269 268 0
58 0
41 0
97 272 0
15 269 270 273 272 271 0
91 272 274 273 0
77 272 274 275 273 0
66 275 276 274 273 272 0
55 271 274 272 273 277 276 275 0
97 276 277 278 0
15 279 0
12 278 280 279 0
75 279 280 281 0
69 281 276 274 282 273 278 272 275 277 279 280 0
1 278 280 283 279 277 282 281 0
47 279 281 284 280 282 283 0
22 284 285 282 283 0
25 285 286 284 0
98 287 0
13 288 285 284 287 286 0
10 285 288 287 286 289 0
71 288 289 290 0
49 0
24 291 290 292 289 288 287 0
66 291 292 293 0
97 293 294 292 0
7 295 0
13 294 293 295 296 0
65 297 0
88 0
20 299 298 0
50 298 300 299 0
33 301 300 299 0
64 0
52 0
23 304 303 0
1 305 304 301 303 302 0
41 306 305 304 302 303 301 0
37 305 302 303 304 306 307 0
17 308 306 307 0
33 308 307 309 0
55 308 309 310 0
36 309 307 303 311 308 301 302 304 305 310 306 0
355
68 355 0
50 354 355 1 0
82 0
75 352 353 355 354 3 1 2 0
37 0
32 5 4 1 2 354 3 355 0
47 0
83 2 6 4 3 5 7 0
36 6 5 8 4 3 7 2 0
64 3 9 6 5 7 8 4 0
54 10 7 9 8 0
72 0
49 0
40 13 12 0
14 13 12 14 10 11 0
4 15 14 13 0
56 0
27 17 0
65 15 14 16 18 17 13 0
95 0
81 20 0
96 19 18 15 17 20 16 21 0
15 21 19 17 22 20 18 0
82 23 22 0
26 20 23 24 22 21 0
80 25 24 0
44 25 26 0
17 0
86 26 28 27 25 0
16 28 29 0
88 21 25 27 26 29 22 20 24 23 28 30 0
67 27 29 31 30 28 0
84 0
85 33 32 0
27 33 32 31 34 0
64 0
3 0
25 37 0
25 0
16 37 35 39 34 36 38 0
39 40 0
48 37 38 40 39 41 36 0
39 40 42 39 41 38 0
10 37 39 43 42 40 41 38 0
22 43 44 42 0
5 43 45 44 0
98 42 44 46 43 45 40 41 0
8 43 47 46 44 45 0
68 47 48 45 46 44 0
63 48 45 49 44 46 47 0
83 47 49 50 45 46 48 44 0
98 51 48 49 47 50 46 0
91 48 49 47 50 51 52 46 0
42 51 50 47 49 48 53 52 0
28 0
76 49 50 52 55 54 53 51 0
42 55 53 56 52 54 0
45 55 56 54 57 0
87 58 56 57 55 0
56 59 55 57 56 58 0
67 60 58 57 59 0
39 60 57 61 56 59 58 0
3 59 60 61 62 0
97 60 59 57 58 62 63 61 0
71 64 63 0
14 64 63 65 0
17 66 0
16 63 61 66 64 62 67 59 60 65 0
52 65 64 66 67 68 0
19 69 67 68 66 65 63 64 0
4 67 66 69 68 70 0
47 68 69 71 70 67 0
76 0
34 72 71 70 69 73 0
39 0
58 75 71 69 73 74 72 70 0
54 71 72 75 76 73 74 0
17 72 69 74 77 68 71 70 73 67 76 75 0
57 75 76 78 77 74 0
3 79 78 0
33 0
87 77 81 80 78 76 79 0
84 80 82 81 79 0
36 80 82 83 81 0
64 84 0
80 83 80 82 81 84 85 0
80 0
67 85 87 83 84 86 0
56 84 85 88 86 83 87 0
68 89 0
3 90 86 88 87 89 85 0
66 91 0
70 91 88 89 92 90 0
56 92 93 0
79 94 0
53 94 95 91 93 92 0
39 95 96 93 92 94 0
56 97 96 0
44 98 0
61 96 95 99 97 94 98 0
84 95 98 96 97 100 94 99 0
99 97 99 95 100 98 101 96 0
93 100 101 102 0
93 102 97 98 103 100 99 101 0
87 101 103 104 102 0
2 105 99 100 101 103 102 104 0
33 103 104 105 106 0
12 106 107 0
84 108 107 105 106 0
45 109 108 0
70 110 109 0
55 109 108 111 110 0
69 0
93 113 112 111 0
76 114 113 109 112 111 110 0
90 112 113 114 115 0
93 113 114 116 115 0
88 113 116 117 114 115 0
65 118 117 116 0
13 0
21 119 120 0
83 121 120 0
35 122 0
52 121 123 119 120 122 0
44 121 122 123 124 0
55 123 124 125 0
20 126 0
18 127 0
3 124 122 128 125 126 127 123 0
8 129 128 125 127 126 0
56 129 127 128 130 0
94 129 131 130 0
92 132 0
78 132 133 0
22 134 128 130 129 133 132 131 0
44 135 134 133 0
73 136 133 132 134 135 0
44 136 137 0
8 137 138 135 134 133 136 0
86 133 139 135 134 138 136 137 0
26 0
11 141 139 138 136 140 137 0
67 139 142 141 138 136 140 137 0
55 143 0
67 140 141 142 144 143 0
21 139 143 141 145 140 144 142 0
73 145 143 142 146 140 144 141 0
46 146 143 144 147 145 0
96 143 147 144 145 148 146 0
20 148 149 0
12 150 149 148 147 0
96 149 151 150 0
47 0
30 153 149 152 148 151 150 0
28 153 152 154 150 151 149 0
94 0
25 0
100 157 156 155 0
42 157 158 156 0
82 158 157 155 159 156 0
59 159 157 160 156 158 0
33 158 159 160 161 0
78 161 162 160 0
46 0
30 164 162 163 161 0
97 165 0
43 165 164 166 0
69 164 161 163 165 166 162 167 0
82 168 163 165 167 166 164 0
57 169 166 167 168 0
85 0
8 169 170 171 0
52 171 170 172 0
55 164 169 163 168 166 170 167 165 171 172 173 0
99 170 171 172 174 173 0
99 174 175 0
55 176 175 173 172 174 171 170 0
76 177 176 0
9 175 178 176 174 177 0
40 176 178 174 177 175 179 173 0
15 175 178 180 179 174 176 177 0
11 180 181 179 0
7 0
3 183 0
70 182 179 181 183 178 180 184 0
88 184 185 182 183 0
27 185 186 184 0
60 181 186 184 182 185 187 183 0
97 187 188 0
25 189 188 187 0
52 187 188 190 186 189 0
26 188 187 186 191 189 190 0
77 192 0
66 193 0
29 191 192 193 194 189 190 0
58 195 0
27 193 195 196 194 0
35 195 196 197 0
51 198 0
74 197 198 196 193 199 195 194 0
48 198 200 199 0
55 197 196 201 200 198 199 0
27 202 0
38 203 0
4 0
80 202 201 203 204 205 0
52 206 201 205 204 202 203 0
8 0
83 208 0
57 206 207 209 205 208 204 0
76 210 0
36 207 210 209 208 206 211 0
99 0
93 209 212 211 210 213 0
97 213 214 0
6 213 212 211 214 215 0
63 214 215 216 0
98 216 214 213 215 217 0
52 216 215 217 218 214 0
77 215 218 214 219 217 216 213 0
28 220 0
44 219 221 218 217 220 0
62 218 222 220 221 219 0
78 0
78 221 219 222 215 224 223 217 214 216 220 218 0
15 225 0
55 224 226 225 223 222 221 220 0
64 227 0
100 222 224 228 223 225 227 226 0
95 228 227 229 0
3 0
59 231 227 226 230 229 228 0
75 0
67 232 231 233 0
69 234 233 230 228 231 232 229 0
18 0
57 236 233 234 232 231 235 0
30 237 233 236 235 234 0
88 238 237 0
15 0
31 238 240 237 239 0
99 0
24 242 0
68 241 243 242 240 237 239 238 0
69 243 244 242 0
10 0
29 244 246 245 243 240 241 242 0
92 247 0
35 246 245 247 248 244 0
3 249 247 246 248 0
46 250 248 247 249 0
29 249 250 251 0
14 252 251 0
6 0
3 254 252 250 251 249 248 253 0
3 0
68 255 256 0
46 255 256 254 252 251 257 253 0
67 258 257 0
49 258 259 0
67 0
24 261 0
32 258 262 257 260 259 256 261 0
67 260 259 262 263 261 0
91 262 263 264 0
62 264 265 262 263 0
37 264 266 265 263 262 261 0
72 265 266 264 267 263 0
5 264 266 265 267 268 0
75 268 267 269 0
57 270 269 266 268 267 265 0
14 270 271 269 0
7 271 268 270 269 272 0
82 271 273 272 269 270 0
98 272 273 268 274 271 270 269 0
45 274 275 0
98 272 271 273 274 275 276 0
65 277 276 0
93 0
81 276 277 279 278 274 275 0
84 0
12 0
30 282 281 0
31 0
23 284 0
90 284 285 283 0
82 285 284 283 286 0
91 0
16 285 286 283 284 287 282 288 281 0
9 0
40 288 289 290 0
91 290 289 291 0
11 291 292 0
28 288 289 290 293 291 292 0
33 294 293 292 291 0
97 295 294 290 292 293 291 0
98 295 291 293 292 294 290 296 0
17 295 292 293 296 294 297 0
77 297 298 296 0
36 299 298 0
18 297 298 300 299 0
50 299 300 301 296 297 298 295 0
28 0
63 0
60 300 299 303 301 302 304 0
3 302 305 303 301 304 0
12 304 303 302 305 306 0
59 304 307 306 305 0
28 305 303 308 306 304 307 0
23 308 309 0
77 309 308 310 0
90 311 307 306 310 308 309 0
34 312 0
84 313 312 0
97 311 314 312 313 309 310 0
55 312 314 315 313 311 0
65 310 316 311 313 312 314 315 0
23 317 315 316 0
10 317 315 318 313 316 314 0
67 319 316 317 318 0
100 0
56 321 0
16 322 0
13 319 318 321 320 322 323 0
21 323 324 0
68 323 322 325 321 324 0
18 324 325 326 0
59 327 325 324 326 0
77 322 326 327 323 325 324 328 0
81 328 327 329 0
11 330 0
68 330 328 327 331 329 0
12 331 332 329 328 327 330 0
3 330 331 332 329 333 0
94 333 332 334 0
2 332 333 334 331 335 0
30 0
21 336 337 335 334 332 333 331 0
7 336 337 338 334 335 0
80 336 335 337 334 338 339 0
41 340 339 0
61 336 341 338 337 339 340 0
1 342 340 338 337 339 341 0
60 0
97 344 0
25 345 344 0
7 341 342 344 345 346 343 0
56 344 345 346 347 0
69 0
19 347 345 349 346 348 0
99 348 347 350 349 346 345 0
7 348 350 346 349 347 351 0
15 352 351 347 346 345 348 350 349 0
8 353 0
88 349 351 352 350 354 353 0
1000
26 998 1000 999 997 0
6 1 1000 0
13 2 999 1000 998 1 0
1 999 3 1000 2 1 0
22 3 4 2 1 0
98 5 2 1 3 4 0
33 5 2 3 1 4 6 0
60 5 4 7 3 6 0
93 0
100 9 0
35 5 6 4 10 7 9 8 0
85 8 11 9 10 0
8 11 9 12 10 0
89 13 11 8 9 10 7 12 0
94 10 13 9 12 11 8 14 0
28 15 0
71 0
9 17 16 15 0
1 18 0
40 17 14 15 13 18 16 19 0
41 16 17 18 19 15 20 0
26 20 19 21 0
61 22 21 19 17 18 20 0
23 22 23 18 20 21 19 0
33 24 22 23 21 20 0
80 25 23 24 0
100 24 25 26 23 0
24 27 26 0
73 28 0
31 27 25 24 29 28 26 0
25 30 0
2 26 29 28 27 30 31 0
76 29 31 28 27 32 30 0
82 31 29 32 30 33 28 0
43 31 32 34 33 30 0
99 34 31 35 32 33 0
15 35 33 36 34 0
37 37 36 0
4 38 0
43 38 39 37 0
29 40 39 0
89 38 36 40 41 39 37 0
86 0
51 41 38 43 39 37 40 42 0
6 0
45 45 44 0
69 42 45 44 43 46 41 0
74 42 45 47 44 43 46 0
23 47 46 45 48 0
72 49 47 45 46 44 48 43 0
53 50 49 48 0
60 49 51 50 0
6 52 51 0
5 49 53 51 50 52 0
24 0
98 52 53 54 55 0
22 56 54 55 0
61 54 55 57 53 56 0
80 57 56 58 0
27 57 56 59 54 58 55 0
60 60 57 55 59 56 58 0
26 61 0
65 62 57 60 61 58 59 0
45 60 63 61 62 59 0
84 58 59 64 62 63 60 61 0
58 64 63 62 65 0
37 65 66 64 0
55 67 0
48 67 64 68 63 65 66 0
66 0
2 69 70 68 0
24 71 69 70 68 0
97 72 67 70 68 69 71 0
32 71 70 72 73 0
55 74 73 72 0
29 74 75 72 73 0
46 76 70 71 72 74 75 73 0
36 75 74 76 73 72 77 0
39 76 74 75 77 78 0
85 0
80 80 79 75 78 76 77 0
71 81 0
70 82 0
67 82 83 0
61 81 84 82 78 80 77 76 83 79 0
13 84 83 85 0
19 83 86 84 85 0
78 0
47 85 84 88 83 82 87 86 0
97 89 86 85 87 88 0
41 89 90 0
51 87 88 90 89 91 86 0
26 0
13 92 93 0
28 91 92 94 93 0
92 95 0
48 95 93 96 94 0
4 96 97 0
3 94 98 95 96 97 93 0
55 95 97 96 99 98 0
12 100 99 0
99 99 96 101 97 100 98 0
81 102 101 0
14 103 102 0
10 101 103 104 99 100 102 0
42 104 105 0
14 105 106 103 104 102 0
20 105 107 104 103 106 0
78 108 107 0
92 105 107 106 109 108 104 0
58 110 108 107 109 0
60 111 110 109 0
18 110 112 111 109 0
74 111 112 113 0
56 112 113 114 0
14 115 113 114 0
85 116 0
34 116 117 111 115 112 114 113 0
13 117 116 118 115 0
8 118 119 117 115 116 0
99 0
15 121 120 119 0
64 118 116 121 122 120 117 119 0
95 123 122 0
19 124 0
60 124 125 0
13 126 125 0
65 0
17 0
69 126 129 125 127 124 128 0
14 0
57 125 127 131 124 126 129 128 130 0
89 130 129 132 131 0
17 132 133 131 130 0
18 134 133 0
96 134 135 0
17 136 135 0
71 0
88 138 137 0
22 138 136 139 137 0
57 135 139 137 138 140 136 0
36 137 138 136 141 140 139 0
86 142 0
35 0
92 141 140 142 143 139 144 138 0
17 145 0
1 144 145 146 0
75 146 143 144 147 145 0
63 148 0
30 146 147 148 149 0
74 150 0
54 151 0
11 152 151 150 0
95 151 148 153 149 152 150 147 0
96 153 154 152 0
6 0
66 152 155 153 154 156 0
16 152 155 157 156 154 153 0
59 158 157 0
24 156 157 158 159 0
25 158 159 156 160 157 0
67 160 156 158 161 157 159 0
61 160 161 162 0
76 162 163 161 160 0
1 163 164 0
78 165 163 164 161 162 0
74 162 161 165 163 164 166 160 0
41 165 167 166 164 0
93 163 165 166 162 168 164 167 0
36 169 167 168 0
45 170 0
98 171 167 170 168 169 0
75 171 170 172 0
53 171 172 170 173 0
98 174 171 173 172 169 170 0
94 175 0
5 175 176 0
69 176 172 173 177 174 175 171 0
52 178 0
68 178 176 179 177 0
66 180 178 179 0
74 181 0
80 181 182 180 0
69 182 183 0
68 183 181 184 182 0
20 184 185 183 0
39 186 185 184 183 182 0
37 182 186 179 181 184 183 187 180 185 0
85 188 187 186 0
50 0
100 186 188 187 189 185 190 0
25 191 190 0
50 192 191 0
22 192 193 0
8 194 193 191 192 0
10 194 190 189 192 195 191 193 0
72 194 193 195 196 0
10 192 195 193 194 197 191 196 0
52 196 198 197 0
98 199 0
95 200 195 197 199 194 198 196 0
90 199 201 200 0
4 202 201 0
44 0
12 200 199 204 203 201 202 0
38 0
47 0
73 207 203 206 205 204 0
95 208 0
25 209 208 207 0
30 0
35 211 210 209 0
51 0
21 210 209 213 212 211 0
89 208 209 210 207 206 212 214 211 213 0
44 211 213 215 214 212 0
55 215 216 0
40 0
2 215 218 213 217 214 216 0
40 217 215 218 216 219 0
84 220 0
92 220 221 216 218 217 219 215 0
54 221 222 220 0
97 223 0
68 0
89 225 224 223 0
86 225 224 226 0
60 226 227 0
67 226 227 228 0
72 228 226 229 224 223 225 227 0
82 230 0
64 231 0
32 230 231 229 228 232 227 0
24 228 229 233 232 231 230 0
42 230 229 231 232 234 233 0
5 235 234 0
41 234 232 236 233 235 0
13 236 237 234 235 0
19 235 238 237 234 236 0
27 238 239 237 0
18 0
28 240 241 239 0
42 242 0
65 243 0
78 243 244 241 240 242 0
40 244 245 243 0
2 244 245 246 243 0
56 247 246 245 0
53 248 245 246 247 243 242 244 0
34 246 247 249 248 0
96 248 247 245 244 250 249 246 0
24 248 251 250 247 249 0
44 251 246 250 247 252 248 249 0
42 253 251 247 249 252 248 250 0
57 253 254 252 251 0
50 253 255 254 252 0
67 256 0
32 0
100 258 0
94 258 259 0
9 0
98 261 0
4 262 0
81 263 262 0
58 264 0
88 264 265 0
41 266 261 263 265 262 264 0
38 263 262 261 264 267 266 265 0
2 268 263 266 264 265 267 0
50 0
46 269 267 270 268 0
54 271 270 269 0
22 272 271 0
18 272 273 0
36 0
53 274 273 275 272 0
61 274 271 272 275 273 276 0
44 276 277 0
46 278 0
79 279 278 0
24 280 0
6 277 280 281 278 279 0
31 282 0
37 0
99 283 281 282 280 284 0
68 283 284 282 281 285 0
62 283 285 284 286 0
13 283 284 281 287 282 286 285 0
66 287 283 286 288 284 285 0
58 0
2 0
4 0
70 292 291 289 288 290 0
56 293 292 0
34 291 289 293 288 294 292 290 0
60 294 295 291 293 290 292 0
85 293 294 291 295 292 296 0
92 291 296 292 295 297 294 293 0
57 296 298 297 0
19 297 299 296 294 298 295 293 0
33 300 0
26 300 301 298 299 296 297 0
30 302 0
94 303 302 300 301 0
77 303 300 301 299 298 302 304 0
71 304 303 302 305 0
60 306 304 305 0
75 307 0
8 308 0
31 309 0
37 309 306 310 308 305 307 304 0
43 310 311 0
10 311 309 312 308 310 0
60 313 312 0
82 311 312 314 313 310 0
10 312 313 315 314 0
56 314 315 316 313 312 0
9 314 317 315 316 0
41 318 317 0
60 319 314 316 315 318 317 0
90 318 319 320 317 0
63 319 318 320 321 0
64 321 322 320 319 0
61 323 322 318 321 320 319 0
60 324 323 0
18 324 325 0
49 325 326 324 0
36 0
21 328 0
68 325 329 328 327 326 0
89 328 325 329 324 327 330 326 0
6 0
96 330 331 329 332 0
81 328 327 332 331 333 330 329 0
96 334 330 332 333 331 0
77 335 0
37 334 330 335 336 333 332 331 0
21 332 336 334 331 335 333 337 0
51 336 335 338 337 0
25 338 339 0
46 338 340 337 339 336 0
79 0
87 340 342 339 341 0
14 339 343 338 342 337 340 341 0
35 341 340 344 339 342 343 0
7 345 0
41 340 342 345 344 346 343 341 0
7 343 346 344 342 341 345 347 339 340 0
96 346 344 348 347 345 0
6 349 0
35 350 0
9 350 347 351 348 349 0
44 352 351 0
42 353 352 0
70 351 354 353 352 350 0
5 350 353 351 355 354 352 0
90 356 0
43 352 354 353 355 356 351 357 0
29 357 356 358 0
100 356 354 355 353 358 357 359 0
63 356 357 360 359 358 0
6 360 359 357 361 358 0
76 360 358 361 359 362 0
100 358 357 360 363 361 359 362 0
1 361 363 360 362 364 0
86 362 365 360 359 363 361 364 0
78 0
2 367 0
80 368 0
95 369 368 0
67 369 370 0
77 369 371 368 370 367 0
20 372 371 369 370 0
81 369 373 368 372 371 370 0
89 372 373 374 370 369 371 0
46 373 375 370 368 371 372 374 369 367 0
87 375 372 376 373 374 0
83 0
22 374 378 375 377 376 0
60 379 0
76 0
52 0
90 381 382 0
21 380 383 379 381 382 378 0
10 384 382 380 381 383 0
39 383 381 385 384 382 380 0
18 386 0
35 385 387 386 0
3 387 386 383 384 385 388 0
47 387 388 389 0
18 390 389 0
90 391 387 386 385 389 390 388 0
1 392 0
6 392 393 391 389 390 0
96 394 391 392 393 0
63 394 395 392 393 0
61 394 395 396 391 393 392 390 0
50 391 396 397 392 394 393 395 0
94 398 394 395 396 397 0
29 398 399 397 0
36 399 400 397 396 395 398 0
98 397 400 401 398 399 0
10 397 402 398 396 400 399 401 0
84 398 401 397 400 403 399 402 0
70 404 0
68 403 399 404 401 402 398 400 405 397 0
97 406 404 405 0
36 405 407 404 403 406 0
75 0
7 403 408 407 405 406 404 409 0
36 410 408 409 407 406 0
19 408 409 407 411 410 0
61 410 411 412 0
96 413 0
74 413 414 412 0
18 415 0
98 410 413 412 415 414 411 416 0
81 417 0
67 417 418 0
2 418 419 0
43 0
21 418 421 417 420 419 0
37 417 419 413 420 415 416 422 421 418 414 0
82 423 422 0
22 424 423 0
70 0
35 424 426 423 425 0
62 422 425 427 426 424 423 0
76 427 428 0
65 427 428 429 0
8 428 427 430 426 425 429 0
13 0
84 428 429 430 431 432 0
64 427 429 431 433 430 428 432 0
83 430 431 434 432 433 0
62 0
2 435 436 434 0
100 435 436 434 437 433 0
6 433 435 437 434 438 436 0
2 439 0
41 438 437 439 440 0
54 439 441 436 437 440 438 0
9 441 438 439 440 442 0
31 0
79 442 444 443 441 440 439 0
79 444 442 443 445 0
48 443 444 446 445 442 0
32 446 447 445 0
22 445 446 447 448 0
17 448 449 0
90 447 448 450 449 0
7 450 446 449 448 447 451 0
84 448 449 451 447 450 446 452 0
42 453 0
33 452 453 451 454 0
22 455 0
20 455 456 0
47 457 456 0
55 458 0
16 457 459 458 0
6 459 456 460 457 458 0
6 460 461 0
100 458 459 460 462 461 0
71 0
97 461 462 460 459 458 463 464 0
55 462 464 465 463 0
55 466 465 0
82 465 467 466 0
60 466 467 468 0
54 468 467 469 0
4 470 469 468 467 0
7 471 470 0
16 471 466 470 468 469 467 472 0
87 0
87 474 471 470 469 473 472 0
23 475 474 0
35 473 476 474 475 0
23 476 474 475 477 0
81 478 0
86 476 478 475 479 477 0
43 480 0
47 481 476 480 479 477 478 475 0
27 482 481 0
39 482 483 0
43 484 0
10 480 482 484 485 481 483 0
36 486 485 479 483 480 478 481 484 482 0
58 483 485 486 484 487 0
33 487 485 488 484 486 0
68 486 487 484 483 489 488 485 0
8 489 487 490 488 0
96 488 491 485 486 490 489 487 0
99 490 491 492 0
100 491 493 490 492 0
65 494 493 492 0
62 0
65 493 496 491 492 495 494 0
38 497 494 495 492 496 493 0
46 0
40 498 496 497 499 0
13 498 500 499 497 0
58 501 0
60 502 500 497 499 501 496 498 0
26 0
38 498 499 503 501 504 502 500 0
74 505 504 0
89 505 506 0
33 507 0
53 507 503 504 502 506 508 505 0
54 509 508 0
43 509 510 0
15 511 508 505 507 506 510 509 0
41 512 0
1 512 511 510 509 513 0
72 0
63 515 514 0
74 512 516 511 515 514 513 0
94 0
65 0
27 519 518 0
67 520 519 0
8 0
84 522 519 521 520 0
80 523 0
72 524 0
77 524 523 525 0
56 525 526 521 520 523 524 522 0
9 527 0
6 528 0
27 525 528 526 527 529 524 0
28 529 530 528 0
34 531 0
9 0
33 533 532 0
76 532 534 530 531 533 0
100 533 535 534 0
19 534 531 536 535 530 532 533 0
33 537 535 533 536 534 0
99 535 537 536 538 0
38 538 539 0
93 536 540 538 535 539 537 0
35 540 541 539 0
49 541 542 0
67 543 542 0
88 543 544 0
14 545 544 543 0
9 545 546 0
20 547 542 545 544 546 541 543 0
75 547 546 548 545 544 0
93 548 549 0
41 548 546 549 550 547 0
57 550 551 0
23 0
78 553 551 552 549 550 0
49 550 552 549 554 551 553 0
43 552 550 553 554 551 555 0
97 550 553 554 552 555 551 556 0
87 557 556 555 554 0
15 558 0
16 553 558 557 556 554 559 555 0
65 558 560 559 555 557 556 0
74 561 0
34 562 0
54 561 560 559 563 558 562 0
59 559 560 561 564 563 562 0
67 565 0
34 563 565 564 566 0
94 565 566 567 0
29 568 0
18 569 568 565 566 567 564 563 0
23 0
64 570 571 0
28 569 568 571 572 570 0
49 570 573 571 572 0
76 574 570 571 573 568 569 572 0
80 575 572 574 573 0
55 0
22 575 574 577 576 0
80 574 578 573 577 576 575 0
14 0
58 580 576 579 578 575 577 0
76 579 580 577 578 581 0
86 580 582 579 577 576 581 578 0
71 581 583 582 580 0
62 583 584 0
34 585 584 578 583 580 582 581 579 0
53 581 583 585 582 586 584 0
87 0
30 587 588 0
45 589 587 588 0
66 588 589 590 587 585 586 0
52 591 590 0
11 592 0
90 593 0
20 590 591 594 593 592 0
3 592 595 593 594 0
15 594 596 593 595 0
11 594 595 597 596 593 592 0
3 0
47 599 598 0
16 595 597 598 596 599 600 0
40 0
39 0
5 603 602 601 0
9 602 603 599 601 604 600 0
89 604 603 605 0
22 0
86 601 602 603 607 604 605 606 0
7 606 608 607 0
50 0
46 610 609 0
24 611 610 609 0
61 611 612 0
37 613 609 610 611 608 612 0
64 613 612 614 0
32 615 614 0
2 616 614 615 0
66 616 612 617 611 614 613 615 0
17 616 617 618 615 0
63 619 616 618 617 0
5 0
43 0
79 622 619 621 620 0
7 623 622 0
93 619 618 622 624 620 623 621 0
50 624 625 0
21 625 626 0
82 627 626 625 0
87 624 623 626 625 627 628 0
68 624 626 629 628 623 627 625 0
34 630 629 0
98 631 629 630 0
22 629 628 627 631 632 626 630 0
11 631 633 630 632 0
18 634 0
79 630 633 634 635 632 629 631 0
62 633 636 635 632 634 0
76 637 636 0
19 637 632 633 635 634 636 638 0
37 639 0
50 0
18 641 0
70 637 639 640 641 638 636 642 0
95 642 643 0
6 644 0
72 645 643 644 0
12 646 645 0
27 647 646 0
41 647 648 0
2 648 649 0
31 650 648 649 0
78 647 650 645 642 643 648 649 651 644 646 0
38 647 646 652 648 650 649 651 0
95 0
90 652 653 654 651 0
18 653 649 655 651 652 654 650 0
95 655 656 654 653 0
56 653 656 651 655 652 654 657 0
37 658 656 657 655 0
47 659 658 0
57 659 658 660 0
8 0
99 0
23 662 663 0
20 664 0
57 665 661 663 662 660 664 0
4 661 665 663 666 664 662 0
16 0
48 667 668 0
14 669 666 667 668 0
7 670 0
67 671 670 669 666 668 667 665 0
54 668 669 672 671 670 0
65 673 672 0
86 674 670 673 672 671 0
51 673 672 671 670 675 674 0
79 675 674 676 671 673 672 0
80 676 677 0
84 678 675 677 676 0
34 674 677 676 678 679 675 0
68 678 680 679 0
25 0
98 0
71 681 682 683 0
20 684 681 679 680 683 682 678 0
43 682 684 683 685 0
93 686 684 682 685 683 681 0
73 687 686 685 684 0
57 687 688 686 0
2 688 689 0
38 689 687 686 690 688 0
29 690 691 0
7 689 690 691 687 686 688 692 0
31 693 0
91 689 693 688 694 690 692 691 0
62 693 692 695 691 694 690 0
63 695 696 694 0
30 0
33 696 695 698 694 697 0
17 699 0
67 0
32 699 701 698 700 697 695 696 0
5 702 0
9 702 701 699 700 703 0
66 703 704 702 0
54 705 0
48 704 706 705 703 702 701 0
12 707 705 704 703 706 0
61 705 706 707 704 708 0
74 0
96 709 710 0
42 711 0
2 710 712 709 711 0
2 709 710 711 712 713 0
29 710 713 714 712 708 711 709 0
96 712 715 708 709 714 713 710 707 711 0
58 716 0
42 0
49 0
10 719 0
81 716 715 718 719 717 720 0
21 721 720 718 717 719 0
55 717 720 718 721 722 719 0
81 721 722 723 719 720 0
12 0
1 721 722 724 725 723 720 0
34 0
38 725 724 722 726 723 721 727 0
41 728 726 727 0
67 724 725 729 723 726 728 727 0
73 0
77 730 731 727 729 726 728 725 0
85 731 732 0
69 732 733 731 729 730 0
2 734 0
22 731 734 732 733 730 735 729 0
57 735 736 0
68 737 0
3 735 737 736 738 0
46 739 738 0
51 735 736 739 737 740 738 0
49 741 738 739 740 0
27 739 741 742 738 740 0
45 743 0
65 743 744 742 0
62 744 742 741 740 743 739 745 0
57 0
2 746 747 0
30 0
1 748 746 745 749 747 0
60 750 0
42 749 750 751 0
84 752 0
55 753 752 751 0
30 0
79 752 751 754 750 755 753 0
34 753 755 754 756 0
25 757 0
53 758 0
6 753 757 754 759 756 758 755 0
98 760 759 0
74 758 755 759 756 761 760 757 0
68 761 760 762 0
70 763 762 761 0
93 762 764 760 761 763 0
96 0
15 764 766 762 765 763 0
57 767 766 765 0
19 768 763 764 765 767 762 766 0
37 766 769 767 768 0
64 764 766 767 770 768 769 765 0
100 767 771 770 768 769 766 0
21 0
54 771 773 768 769 767 770 772 0
98 774 0
13 773 771 775 772 774 0
35 775 776 774 0
46 776 777 0
70 775 778 776 777 0
8 774 775 773 778 779 777 776 0
14 780 779 0
87 781 780 779 0
9 0
81 780 783 782 781 0
11 783 784 0
56 0
59 786 0
29 787 786 785 0
22 0
14 787 788 789 0
84 790 786 787 785 789 788 0
48 791 788 789 790 0
100 792 790 791 789 0
60 792 791 790 793 0
25 794 793 0
76 794 793 792 795 0
22 0
83 794 793 791 795 797 792 796 0
39 793 794 798 796 797 795 0
6 793 794 799 795 797 798 796 0
53 796 799 798 800 797 0
98 801 0
55 798 801 800 802 797 799 796 0
80 803 801 799 800 802 0
54 0
8 0
71 805 806 800 804 802 803 801 0
71 806 805 807 0
80 805 808 803 804 806 807 0
57 808 809 807 0
30 809 810 0
48 809 810 811 808 0
56 810 811 809 812 0
5 808 811 809 810 813 812 0
60 813 810 811 814 812 0
86 815 814 0
91 816 815 0
30 812 817 814 816 813 815 0
73 818 817 0
55 815 817 819 818 816 814 0
25 820 819 818 0
95 821 819 820 818 0
39 820 822 819 821 0
23 823 0
63 824 823 0
22 824 825 0
10 825 822 826 824 823 821 0
21 827 826 0
15 828 826 827 0
32 829 827 828 0
84 829 830 0
56 831 827 830 828 829 0
57 832 829 831 830 0
63 0
55 0
61 834 833 830 835 831 832 0
69 835 836 834 0
10 837 835 834 836 0
53 837 835 838 834 836 0
53 835 836 838 839 837 834 833 0
71 0
97 841 0
6 842 838 839 841 840 0
93 843 0
30 0
100 0
96 846 0
32 0
42 845 846 847 848 0
55 845 848 847 846 844 849 0
89 848 849 850 0
57 848 847 850 849 851 0
59 848 847 850 852 849 851 0
27 851 853 852 0
88 854 853 852 0
78 852 851 849 850 855 854 853 0
74 855 856 0
97 856 857 854 855 853 0
23 856 855 858 853 857 854 0
45 859 0
93 859 854 860 855 857 858 856 0
88 860 858 857 861 855 856 859 0
98 860 862 861 856 857 858 859 0
30 862 863 0
58 863 864 0
86 862 865 863 864 0
15 866 863 862 861 864 865 0
14 867 862 865 864 863 866 0
64 866 867 868 0
2 865 869 868 867 866 0
82 869 870 868 867 0
25 0
55 872 0
30 871 870 873 869 872 0
58 874 0
31 871 875 872 874 870 873 0
64 875 873 876 874 0
49 877 0
44 875 878 877 876 0
68 877 876 874 875 878 879 0
70 880 876 878 877 879 0
34 881 879 877 878 880 0
32 882 881 879 880 0
5 881 882 883 0
76 0
16 885 884 0
57 886 0
68 887 0
81 886 887 888 0
1 887 889 888 0
78 890 0
25 891 890 0
61 887 890 891 888 892 889 0
41 892 893 0
33 0
42 890 893 892 894 891 895 889 0
92 896 894 895 0
68 896 894 895 897 0
55 0
31 899 895 898 896 897 0
93 900 0
37 899 898 900 901 0
25 899 902 900 898 901 0
33 903 902 900 901 0
40 902 903 904 0
79 902 905 901 900 904 903 0
78 906 903 904 901 900 905 902 0
77 907 906 0
65 0
71 909 0
22 906 909 905 908 910 907 0
81 906 910 909 911 907 908 0
43 0
4 913 0
40 912 911 909 910 913 908 914 0
43 913 915 911 912 914 0
22 916 0
12 0
73 917 918 0
57 918 916 919 917 0
17 915 919 917 920 916 918 0
47 921 918 917 920 919 0
53 918 921 922 920 916 919 917 0
28 921 920 919 923 922 918 0
49 924 0
81 925 923 924 0
77 925 926 0
36 925 926 927 923 924 0
12 922 926 923 924 927 925 928 0
74 0
80 930 929 0
63 931 927 929 928 930 0
95 931 932 930 0
62 0
81 0
6 0
86 935 934 936 0
35 936 937 0
47 935 938 936 934 937 0
55 937 938 939 0
79 940 0
70 939 937 938 941 940 0
12 941 942 0
3 941 942 939 937 938 940 943 0
76 943 944 942 0
64 945 943 942 940 941 944 0
47 942 946 944 943 941 945 0
35 947 946 0
1 946 947 948 945 943 942 944 0
49 949 0
65 0
22 948 949 947 946 951 950 0
18 952 951 949 950 0
73 0
97 954 953 0
84 954 951 950 949 953 952 955 0
43 950 951 955 952 956 954 953 0
86 955 957 956 0
66 958 0
62 0
53 956 957 958 955 959 960 0
96 958 957 961 959 960 0
7 961 962 0
43 961 959 963 958 962 960 0
8 960 962 964 963 959 961 0
39 962 965 963 964 0
12 964 962 963 965 966 0
9 961 965 967 962 964 963 966 0
94 966 968 967 0
94 969 968 0
45 970 969 0
81 968 970 969 971 0
28 0
80 973 971 970 972 0
71 968 970 969 971 974 972 973 0
24 975 974 973 0
65 976 974 973 975 0
95 975 977 976 0
16 977 975 976 978 974 0
66 977 974 975 978 976 979 973 0
4 975 980 977 979 976 978 974 0
80 0
21 981 982 0
63 981 983 982 0
65 978 984 977 983 975 976 980 982 981 979 0
55 985 0
82 0
68 986 987 0
52 988 985 987 984 986 0
65 984 988 985 986 989 987 0
38 989 990 987 988 986 0
62 991 989 990 0
78 992 989 991 990 988 987 0
100 991 988 990 992 993 989 0
47 994 0
71 992 994 993 995 0
11 991 993 994 995 992 990 996 0
83 993 995 996 994 992 997 0
93 0
39 998 997 996 999 0
4
7 3 0
5 1 0
9 2 0
3 0
6
5 0
2 1 0
4 1 0
8 2 0
3 3 0
3 4 1 5 0
6
5 3 0
11 6 0
8 0
7 0
14 4 0
2 0
7
3 2 0
4 4 0
2 4 0
6 0
3 1 7 0
8 3 0
9 1 6 0
7
23 3 0
11 3 0
67 0
28 1 2 3 0
31 2 0
18 4 7 1 0
44 5 4 0
