11852
20541
28578
19585
23610
23346
23346
26382
21441
14061
14061
20551
24709
19585
25817
21795
23346
19458
19585
6671
25903
20541
63721
24709
29359
19458
25903
19458
24391
16153
38652
2730
14061
24391
36345
44486
21795
30403
14297
16894
16894
24709
48193
32836
38652
23346
28924
16153
33935
32060

40707
15666
26047
24255
21800
26683
20818
20902
37380
21800
30285
45153
7111
22705
32697
20902
32018
32018
29666
22524
26683
51697
19717
22524
21720
20902
35562
30285
24559
15708
20818
19717
22524
20818
26683
22524
19717
30285
30285
32103
18931
10190
17039
35677
22524
20818
17897
17039
32018
15045

40707
15666
26047
24255
21800
26683
20818
20902
37380
21800
30285
45153
7111
22705
32697
20902
32018
32018
29666
22524
26683
51697
19717
22524
21720
20902
35562
30285
24559
15708
20818
19717
22524
20818
26683
22524
19717
30285
30285
32103
18931
10190
17039
35677
22524
20818
17897
17039
32018
15045

28776
51353
41108
18651
26714
22526
6186
20720
24845
39866
16243
38809
11571
23664
16243
20019
28329
20019
24461
21846
17653
16243
24523
21846
20720
23664
17653
23236
25874
25874
36090
27687
24523
24523
17653
22526
25344
23626
13057
22526
44315
29140
42746
25874
24523
39866
16243
27687
14361
24523

28776
51353
41108
18651
26714
22526
6186
20720
24845
39866
16243
38809
11571
23664
16243
20019
28329
20019
24461
21846
17653
16243
24523
21846
20720
23664
17653
23236
25874
25874
36090
27687
24523
24523
17653
22526
25344
23626
13057
22526
44315
29140
42746
25874
24523
39866
16243
27687
14361
24523

20264
24218
32025
26818
25744
23530
16497
17874
25244
26119
38966
15524
25244
16497
15524
17710
40365
44647
17874
12303
25244
25244
20264
24769
17994
15913
41938
35153
43983
20998
22120
20264
17874
76843
28881
25244
17874
15524
66969
15631
26119
28881
20264
20264
23530
23530
20264
26260
20170
56602

52154
29607
17408
26658
14181
50385
41479
29240
50385
27620
18474
33402
18474
14399
11704
29123
36813
13281
21936
14181
28443
52154
25934
27191
22137
23572
14399
1944
26658
17566
26777
18469
27620
21399
14399
23572
33402
37584
21648
29240
16578
13470
14727
23384
26777
14181
13840
12640
23384
20994

52154
29607
17408
26658
14181
50385
41479
29240
50385
27620
18474
33402
18474
14399
11704
29123
36813
13281
21936
14181
28443
52154
25934
27191
22137
23572
14399
1944
26658
17566
26777
18469
27620
21399
14399
23572
33402
37584
21648
29240
16578
13470
14727
23384
26777
14181
13840
12640
23384
20994

17981
17081
22372
17682
17981
20400
16284
14320
16690
44115
18180
25517
20978
22411
29253
21381
29288
14320
17081
15537
16284
16690
14320
16854
22372
18549
16284
14949
17829
14320
16567
12625
14320
22372
19530
19709
34743
14955
28769
34205
29288
38264
17905
33427
14320
15725
46125
12480
30114
22372

23380
16159
23380
25699
44579
48607
36356
9714
17590
30223
11518
23380
17590
23694
31308
21852
28663
30223
20956
24680
30078
20956
23826
27166
26647
21852
31308
17908
28663
18522
20956
17822
23380
30223
17225
13458
23380
17590
25999
25447
35686
18533
17908
25371
29475
27501
21852
15043
18147
22730
